1.322	1.664	1.972	2.291	2.576	2.901	3.226	3.545	3.882	4.213	4.544	4.846	5.142	5.472	5.815	6.105	6.436	6.755	7.051	7.353	7.684	8.015	8.323	8.613	8.932	9.252	9.606	9.896	10.215	10.523	10.854	11.161	11.521	11.846	12.142	12.433	12.746	13.094	13.396	13.721	14.064	14.383	14.685	14.993	15.323	15.643	15.985	16.281	16.607	16.914	17.216	17.512	17.872	18.174	18.522	18.836	19.172	19.491	19.822	20.165	20.455	20.792	21.105	21.425	21.744	22.063	22.382	22.696	23.021	23.334	23.654	23.985	24.333	24.652	24.983	25.314	25.633	25.953	26.254	26.556	26.893	27.212	27.502	27.793	28.095	28.472	28.814	29.145	29.505	29.836
0.683	1.003	1.316	1.624	1.931	2.257	2.564	2.895	3.226	3.516	3.841	4.143	4.474	4.793	5.124	5.455	5.763	6.094	6.425	6.732	7.034	7.313	7.626	7.974	8.294	8.596	8.903	9.234	9.565	9.873	10.186	10.511	10.865	11.156	11.486	11.823	12.113	12.404	12.752	13.065	13.396	13.716	14.046	14.366	14.673	14.952	15.312	15.614	15.921	16.264	16.566	16.897	17.181	17.506	17.843	18.174	18.505	18.824	19.155	19.486	19.793	20.124	20.455	20.786	21.111	21.372	21.715	22.017	22.324	22.644	22.974	23.265	23.613	23.973	24.287	24.611	24.925	25.233	25.616	25.935	26.254	26.562	26.875	27.171	27.473	27.787	28.123	28.483	28.791	29.093	29.406	29.714
0.701	1.014	1.334	1.641	1.955	2.262	2.582	2.872	3.255	3.563	3.876	4.195	4.503	4.805	5.095	5.443	5.751	6.065	6.372	6.692	7.011	7.336	7.673	7.986	8.305	8.596	8.903	9.252	9.542	9.896	10.192	10.534	10.836	11.115	11.475	11.835	12.142	12.444	12.734	13.065	13.396	13.704	14.064	14.366	14.673	14.952	15.265	15.596	15.945	16.264	16.583	16.891	17.222	17.535	17.895	18.191	18.482	18.801	19.143	19.474	19.811	20.095	20.426	20.751	21.065	21.372	21.703	22.046	22.342	22.655	23.003	23.346	23.671	23.985	24.292	24.646	24.954	25.262	25.593	25.894	26.202	26.533	26.864	27.154	27.502	27.833	28.153	28.472	28.791	29.116	29.441
1.345	1.955	2.564	3.284	3.905	4.544	5.182	5.751	6.395	7.046	7.644	8.311	8.984	9.594	10.186	10.842	11.481	12.125	12.752	13.425	14.012	15.283	15.904	16.601	17.355	17.965	18.592	19.265	19.846	20.426	21.070	21.715	22.324	22.986	23.654	24.252	24.966	25.563	26.185	26.875	27.485	28.095	28.716	29.354
1.072	1.392	1.653	2.936	3.574	4.184	4.793	5.461	6.076	6.715	7.365	7.963	8.613	9.263	9.902	10.546	11.185	11.753	12.433	13.071	13.716	14.371	14.964	15.654	16.293	17.065	17.733	18.423	19.143	19.782	20.461	21.094	21.732	22.313	23.003	23.601	24.205	24.966	25.622	26.231	26.875	27.485	28.161	28.762	29.406
0.173	0.736	1.328	1.937	2.564	3.214	3.876	4.503	5.107	5.763	6.407	7.034	7.644	8.282	8.926	9.548	10.215	10.855	11.515	12.067	12.717	13.367	14.064	14.685	15.294	15.904	16.485	17.123	17.843	18.505	19.172	19.822	20.432	21.094	21.732	22.377	22.684	23.033	23.654	24.287	24.652	24.983	25.593	26.237	26.893	27.502	28.176	28.797	29.453
0.492	0.765	1.014	1.281	1.572	1.885	2.216	2.535	2.843	3.214	3.574	3.986	4.323	4.631	4.996	5.322	5.635	5.966	6.262	6.593	6.924	7.266	7.626	7.934	8.236	8.532	8.845	9.176	9.484	9.791	10.151	10.494	10.842	11.156	11.452	11.782	12.096	12.386	12.711	13.036	13.344	13.675	13.994	14.325	14.656	14.952	15.294	15.625	15.962	16.264	16.931	17.245	17.564	17.965	18.261	18.621	18.934	19.283	19.602	19.956	20.264	20.595	20.954	21.262	21.575	21.912	22.232	22.562	22.882	23.212	23.532	23.851	24.153	24.484	24.815	25.151	25.511	25.813	26.156	26.481	26.812	27.131	27.462	27.793	28.106	28.425	28.745	29.064	29.383
0.282	0.694	2.552	2.831	3.173	3.475	3.812	4.166	4.473	4.781	5.124	5.415	5.762	6.035	6.372	6.662	6.981	7.301	7.614	7.945	8.264	8.583	8.891	9.205	9.535	9.843	10.151	10.453	10.766	11.062	11.416	11.701	12.055	12.374	12.705	13.036	13.343	13.674	14.005	14.336	14.621	14.922	15.253	15.561	15.874	16.194	16.536	16.861	17.192	17.506	17.866	18.144	18.446	18.754	19.085	19.392	19.723	20.066	20.373	20.722	21.012	21.366	21.662	22.005	22.376	22.660	22.986	23.282	23.595	23.914	24.286	24.582	24.924	25.203	25.534	25.842	26.126	26.445	26.765	27.084	27.455	27.763	28.094	28.425	28.732	29.034	29.371	29.644
1.351	1.676	1.995	2.326	2.616	2.942	3.226	3.505	3.853	4.143	4.491	4.776	5.113	5.426	5.751	6.065	6.355	6.674	7.022	7.382	7.673	7.974	8.282	8.601	8.926	9.246	9.553	9.884	10.215	10.505	10.825	11.161	11.475	11.806	12.131	12.444	12.723	13.054	13.385	13.716	14.023	14.302	14.644	14.964	15.254	15.631	15.945	16.252	16.566	16.891	17.193	17.506	17.854	18.133	18.464	18.812	19.143	19.462	19.776	20.101	20.426	20.774	21.082	21.396	21.692	22.034	22.353	22.661	23.003	23.334	23.636	23.973	24.287	24.611	24.942	25.273	25.604	25.894	26.254	26.556	26.852	27.195	27.502	27.816	28.141	28.472	28.814	29.105	29.424	29.755
1.345	1.664	1.984	2.326	2.576	2.872	3.191	3.522	3.876	4.184	4.491	4.793	5.136	5.571	5.821	6.134	6.512	6.796	7.092	7.377	7.713	8.056	8.381	8.654	8.955	9.211	9.542	9.826	10.163	10.546	10.883	11.156	11.452	11.771	12.073	12.462	12.763	13.094	13.402	13.774	14.075	14.435	14.766	15.091	15.445	15.765	15.991	16.276	16.595	16.873	17.135	17.431	17.744	18.075	18.383	18.714	19.044	19.404	19.741	20.026	20.345	20.652	21.024	21.384	21.715	22.023	22.342	22.632	22.945	23.294	23.636	24.014	24.373	24.693	24.995	25.246	25.581	25.883	26.214	26.516	26.806	27.131	27.491	27.845	28.182	28.524	28.832	29.134	29.441	29.766
0.196	0.741	1.351	1.972	2.576	3.214	3.894	4.462	5.101	5.745	6.395	7.005	7.684	8.305	8.915	9.501	10.186	10.836	11.492	12.102	12.711	13.396	14.075	14.714	15.283	15.892	16.531	17.146	17.773	18.476	19.114	19.741	20.386	21.001	21.523	22.272	23.003	23.683	24.356	24.966	25.941	26.724	27.462	28.164	28.803	29.441
2.593	2.895	3.173	3.527	3.852	4.195	4.503	4.804	5.135	5.455	5.762	6.093	6.407	6.703	7.045	7.347	7.678	8.015	8.322	8.607	8.938	9.257	9.576	9.884	10.226	10.534	10.847	11.155	11.503	11.805	12.136	12.467	12.798	13.117	13.436	13.756	14.116	14.394	14.713	14.992	15.323	15.625	15.967	16.275	16.583	16.908	17.273	17.587	17.883	18.185	18.533	18.852	19.177	19.514	19.816	20.124	20.443	20.803	21.105	21.424	21.755	22.063	22.364	22.695	23.026	23.403	23.705	24.013	24.356	24.646	24.965	25.308	25.604	25.917	26.254	26.556	26.875	27.217	27.537	27.868	28.164	28.494	28.796	29.145	29.447	29.777
0.701	0.991	1.345	1.635	1.966	2.291	2.593	2.843	3.133	3.481	3.824	4.132	4.451	4.805	5.153	5.484	5.844	6.123	6.401	6.732	7.022	7.342	7.603	7.951	8.294	8.625	8.955	9.275	9.594	9.902	10.233	10.523	10.883	11.185	11.492	11.823	12.131	12.485	12.793	13.106	13.402	13.733	14.012	14.371	14.714	15.022	15.353	15.631	15.956	16.276	16.624	16.914	17.216	17.495	17.825	18.203	18.545	18.841	19.155	19.515	19.793	20.101	20.386	20.705	20.995	21.326	21.663	22.075	22.406	22.713	23.021	23.323	23.636	23.985	24.304	24.635	24.966	25.302	25.633	25.935	26.243	26.574	26.881	27.212	27.555	27.903	28.216	28.495	28.791	29.093	29.406	29.732
0.794	1.032	1.374	1.635	2.013	2.315	2.634	2.883	3.261	3.603	3.876	4.242	4.561	4.822	5.153	5.461	5.815	6.105	6.454	6.744	7.063	7.406	7.702	8.015	8.282	8.601	8.926	9.263	9.606	9.983	10.285	10.621	10.883	11.185	11.492	11.823	12.125	12.462	12.845	13.071	13.408	13.745	14.064	14.354	14.702	14.993	15.312	15.602	15.956	16.264	16.566	16.856	17.204	17.524	17.825	18.133	18.452	18.766	19.132	19.486	19.801	20.101	20.455	20.745	21.065	21.436	21.732	22.075	22.342	22.684	23.021	23.323	23.671	24.014	24.316	24.652	24.966	25.262	25.604	25.906	26.243	26.591	26.881	27.235	27.543	27.886	28.182	28.524	28.826	29.163	29.494
1.275	1.595	1.902	2.187	2.512	2.825	3.145	3.516	3.835	4.184	4.497	4.764	5.072	5.397	5.734	6.053	6.407	6.715	7.017	7.295	7.615	7.922	8.265	8.596	8.932	9.246	9.553	9.855	10.192	10.517	10.825	11.167	11.475	11.794	12.096	12.404	12.717	13.054	13.385	13.716	14.023	14.354	14.644	14.952	15.265	15.573	15.887	16.183	16.502	16.815	17.123	17.396	17.744	18.063	18.383	18.725	19.044	19.393	19.735	20.066	20.386	20.687	21.024	21.355	21.663	21.982	22.313	22.655	22.974	23.317	23.642	23.956	24.292	24.623	24.954	25.256	25.563	25.877	26.173	26.504	26.835	27.137	27.444	27.752	28.077	28.402	28.733	29.052	29.377	29.703
0.515	0.811	1.084	1.421	1.734	2.042	2.355	2.651	2.942	3.255	3.574	3.876	4.224	4.544	4.886	5.205	5.513	5.821	6.134	6.454	6.755	7.086	7.394	7.725	8.044	8.334	8.642	8.961	9.252	9.611	9.925	10.262	10.575	10.906	11.225	11.533	11.852	12.154	12.485	12.833	13.152	13.466	13.791	14.104	14.401	14.731	15.045	15.364	15.672	15.985	16.281	16.612	16.926	17.233	17.564	17.883	18.203	18.505	18.853	19.184	19.503	19.846	20.142	20.496	20.815	21.134	21.425	21.732	22.075	22.435	22.725	23.015	23.352	23.665	23.996	24.373	24.664	24.966	25.256	25.581	25.935	26.254	26.591	26.922	27.224	27.543	27.862	28.234	28.536	28.884	29.163	29.511
3.220	3.510	3.812	4.091	4.451	4.758	5.089	5.397	5.740	6.030	6.361	6.668	6.999	7.307	7.609	7.922	8.259	8.567	8.892	9.182	9.519	9.849	10.157	10.471	10.807	11.121	11.417	11.771	12.102	12.409	12.700	13.019	13.350	13.681	13.942	14.319	14.639	14.969	15.289	15.602	15.921	16.241	16.560	16.868	17.210	17.518	17.808	18.110	18.412	18.731	19.050	19.358	19.700	20.037	20.362	20.687	21.018	21.366	21.697	22.011	22.348	22.661	22.969	23.311	23.630	23.950	24.281	24.600	24.931	25.250	25.558	25.900	26.202	26.510	26.812	27.119	27.479	27.787	28.129	28.460	28.791	29.099	29.447
1.351	1.664	1.972	2.274	2.582	2.883	3.185	3.476	3.806	4.132	4.462	4.776	5.101	5.432	5.751	6.076	6.366	6.692	6.993	7.301	7.615	7.934	8.253	8.584	8.892	9.223	9.542	9.855	10.186	10.505	10.836	11.156	11.475	11.794	12.102	12.415	12.746	13.071	13.402	13.716	14.023	14.331	14.685	14.975	15.294	15.602	15.916	16.223	16.543	16.885	17.181	17.495	17.825	18.162	18.493	18.824	19.166	19.503	19.834	20.142	20.461	20.774	21.105	21.413	21.744	22.046	22.353	22.655	22.974	23.305	23.665	23.996	24.304	24.635	24.942	25.273	25.581	25.894	26.214	26.521	26.852	27.195	27.526	27.857	28.182	28.472	28.791	29.105	29.435	29.755
1.032	1.345	1.612	1.955	2.257	2.605	2.895	3.243	3.551	3.882	4.166	4.491	4.805	5.142	5.443	5.786	6.082	6.395	6.744	7.022	7.365	7.661	8.003	8.334	8.613	8.955	9.286	9.594	9.896	10.244	10.552	10.883	11.196	11.492	11.806	12.142	12.444	12.781	13.083	13.425	13.774	14.052	14.366	14.691	15.033	15.341	15.643	15.974	16.276	16.583	16.914	17.222	17.564	17.913	18.203	18.505	18.812	19.195	19.486	19.805	20.142	20.444	20.751	21.134	21.425	21.732	22.034	22.371	22.702	23.021	23.363	23.671	23.985	24.316	24.664	24.983	25.302	25.593	25.941	26.254	26.556	26.846	27.235	27.531	27.886	28.176	28.526	28.803	29.116	29.453	29.801
0.736	1.014	1.293	1.583	1.926	2.204	2.535	2.843	3.156	3.487	3.795	4.143	4.433	4.735	5.084	5.403	5.705	6.012	6.425	6.686	7.017	7.313	7.644	7.957	8.253	8.584	8.903	9.234	9.553	9.844	10.122	10.436	10.813	11.115	11.457	11.765	12.113	12.375	12.734	13.042	13.396	13.686	14.017	14.342	14.627	14.923	15.265	15.625	15.933	16.235	16.543	16.984	17.373	17.796	18.116	18.423	18.812	19.155	19.433	19.788	20.148	20.426	20.757	21.065	21.343	21.686	22.017	22.295	22.586	22.957	23.317	23.613	23.927	24.287	24.594	24.925	25.204	25.563	25.906	26.208	26.504	26.846	27.125	27.485	27.735	28.123	28.437	28.768	29.064	29.395	29.674
0.747	1.020	1.357	1.676	1.989	2.268	2.611	2.907	3.238	3.545	3.876	4.190	4.486	4.817	5.107	5.438	5.786	6.076	6.378	6.686	7.017	7.330	7.655	7.998	8.317	8.630	8.926	9.240	9.565	9.896	10.238	10.517	10.819	11.150	11.469	11.765	12.096	12.409	12.746	13.077	13.396	13.716	14.046	14.377	14.685	15.016	15.318	15.625	15.956	16.270	16.601	16.908	17.239	17.518	17.849	18.180	18.499	18.830	19.207	19.486	19.805	20.107	20.438	20.769	21.076	21.407	21.709	22.040	22.330	22.655	22.986	23.300	23.659	23.967	24.298	24.629	24.989	25.267	25.627	25.929	26.248	26.539	26.858	27.160	27.497	27.851	28.158	28.495	28.820	29.128	29.470	29.790
0.486	0.741	1.014	1.334	1.653	1.914	2.326	2.605	2.872	3.243	3.551	3.853	4.236	4.526	4.834	5.101	5.403	5.745	6.053	6.401	6.744	7.051	7.353	7.655	7.986	8.305	8.601	8.926	9.234	9.542	9.832	10.163	10.511	10.836	11.156	11.486	11.794	12.131	12.462	12.793	13.071	13.385	13.716	14.046	14.325	14.656	14.964	15.294	15.602	15.916	16.241	16.572	16.926	17.216	17.495	17.831	18.185	18.493	18.801	19.132	19.486	19.851	20.124	20.432	20.722	21.041	21.326	21.883	22.075	22.301	22.632	22.963	23.265	23.555	23.903	24.275	24.623	24.925	25.215	25.575	25.906	26.196	26.521	26.881	27.183	27.514	27.822	28.164	28.472	28.803	29.122	29.441	29.743
0.666	0.962	1.252	1.554	1.868	2.146	2.489	2.785	3.127	3.476	3.801	4.132	4.428	4.741	5.078	5.391	5.681	6.024	6.355	6.651	6.953	7.295	7.615	7.934	8.247	8.543	8.845	9.199	9.495	9.809	10.099	10.436	10.767	11.109	11.481	11.759	12.073	12.392	12.671	12.990	13.263	13.611	13.954	14.313	14.615	14.935	15.277	15.567	15.863	16.148	16.485	16.827	17.117	17.396	17.762	18.098	18.400	18.743	19.079	19.393	19.741	20.031	20.351	20.676	20.995	21.343	21.657	21.988	22.284	22.597	22.916	23.236	23.596	23.927	24.269	24.588	24.890	25.209	25.552	25.861	26.173	26.469	26.783	27.125	27.473	27.793	28.135	28.425	28.704	29.035	29.395	29.749
0.695	1.026	1.316	1.612	1.926	2.245	2.553	2.866	3.203	3.534	3.841	4.195	4.491	4.805	5.113	5.432	5.774	6.105	6.413	6.726	7.034	7.336	7.632	7.945	8.282	8.613	8.926	9.252	9.553	9.884	10.192	10.523	10.842	11.196	11.492	11.806	12.131	12.444	12.752	13.083	13.414	13.721	14.052	14.383	14.662	14.975	15.283	15.631	15.916	16.241	16.554	16.885	17.175	17.495	17.814	18.162	18.522	18.812	19.166	19.491	19.811	20.113	20.415	20.751	21.094	21.396	21.726	22.052	22.365	22.696	23.033	23.346	23.665	24.025	24.304	24.635	24.971	25.256	25.616	25.912	26.202	26.521	26.881	27.206	27.502	27.862	28.193	28.495	28.803	29.093	29.453	29.784
0.939	1.618	2.227	2.825	3.505	4.155	4.735	5.380	6.065	6.738	7.347	8.009	8.619	9.257	9.896	10.534	11.208	11.829	12.409	13.129	13.716	13.895	14.319	14.975	15.625	16.235	16.908	17.547	18.180	18.876	19.015	19.477	20.119	20.769	21.425	22.040	22.678	23.317	23.985	24.675	25.256	25.865	26.545	27.177	27.880	28.466	29.099
0.892	1.566	2.181	2.854	3.551	4.265	4.921	5.705	6.401	7.144	7.882	8.555	9.292	9.995	10.662	11.324	12.026	12.734	13.431	14.093	14.836	15.532	16.235	16.972	17.645	18.342	19.015	19.793	20.455	21.152	21.784	22.522	23.172	23.845	24.501	25.204	25.912	26.614	27.334	27.996	28.704	29.366
0.666	1.014	1.345	1.653	1.995	2.326	2.686	2.982	3.272	3.592	3.882	4.184	4.491	4.817	5.136	5.461	6.094	6.425	6.744	7.046	7.353	7.684	8.015	8.311	8.625	8.915	9.286	9.571	9.902	10.215	10.563	10.854	11.156	11.492	11.823	12.131	12.456	12.775	13.094	13.402	13.733	14.046	14.354	14.656	14.964	15.323	15.602	15.956	16.264	16.595	16.902	17.216	17.541	17.872	18.203	18.516	18.812	19.132	19.422	19.706	20.014	20.316	20.682	20.983	21.326	21.663	22.023	22.324	22.632	22.934	23.242	23.625	23.956	24.292	24.594	24.954	25.244	25.552	25.871	26.202	26.533	26.846	27.206	27.531	27.857	28.182	28.483	28.826	29.134	29.435	29.772
0.463	0.753	1.020	1.310	1.635	1.943	2.251	2.564	2.860	3.203	3.510	3.870	4.184	4.491	4.846	5.153	5.472	5.821	6.105	6.384	6.680	6.970	7.260	7.545	7.853	8.201	8.514	8.903	9.205	9.501	9.832	10.093	10.430	10.790	11.115	11.440	11.742	12.055	12.363	12.694	13.042	13.344	13.681	14.000	14.325	14.633	14.940	15.265	15.591	15.904	16.171	16.456	16.740	17.042	17.332	17.634	17.942	18.244	18.522	18.812	19.132	19.451	19.770	20.095	20.386	20.734	21.053	21.355	21.645	21.982	22.295	22.615	22.911	23.271	23.613	23.944	24.316	24.611	24.954	25.285	25.604	25.953	26.254	26.562	26.841	27.131	27.421	27.711	28.002	28.373	28.721	29.070	29.424	29.755
0.445	0.776	1.049	1.328	1.589	1.885	2.198	2.529	2.825	3.168	3.499	3.835	4.190	4.474	4.805	5.136	5.438	5.745	6.047	6.366	6.686	6.976	7.295	7.580	7.916	8.247	8.555	8.909	9.217	9.495	9.826	10.145	10.476	10.825	11.115	11.434	11.748	12.055	12.334	12.665	12.996	13.385	13.716	14.006	14.337	14.639	14.917	15.260	15.585	15.945	16.276	16.554	16.937	17.228	17.547	17.837	18.185	18.476	18.806	19.137	19.445	19.747	20.055	20.409	20.716	21.059	21.337	21.697	21.999	22.336	22.609	22.916	23.224	23.619	23.915	24.246	24.588	24.919	25.244	25.575	25.918	26.225	26.527	26.835	27.137	27.439	27.758	28.048	28.408	28.797	29.076	29.308
0.451	0.736	1.003	1.322	1.653	1.955	2.257	2.582	2.872	3.185	3.516	3.841	4.172	4.515	4.822	5.124	5.432	5.763	6.082	6.401	6.726	7.046	7.365	7.673	7.986	8.294	8.596	8.892	9.234	9.571	9.896	10.176	10.505	10.825	11.173	11.486	11.811	12.142	12.433	12.763	13.094	13.402	13.704	14.035	14.366	14.656	15.004	15.312	15.614	15.933	16.252	16.566	16.902	17.222	17.535	17.843	18.145	18.505	18.812	19.155	19.474	19.793	20.113	20.432	20.734	21.076	21.396	21.732	22.063	22.371	22.655	23.003	23.294	23.625	23.961	24.316	24.646	24.931	25.262	25.575	25.906	26.225	26.533	26.893	27.183	27.485	27.816	28.141	28.472	28.785	29.122	29.453	29.784
0.666	0.991	1.293	1.624	1.931	2.245	2.553	2.901	3.232	3.545	3.876	4.184	4.555	4.851	5.264	5.554	5.856	6.123	6.372	6.732	6.982	7.301	7.684	7.992	8.601	8.932	9.234	9.542	9.873	10.175	10.482	10.825	11.103	11.434	11.736	12.044	12.375	12.694	13.054	13.385	13.652	14.023	14.406	14.714	15.016	15.323	15.602	15.933	16.241	16.572	16.902	17.233	17.541	17.854	18.174	18.482	18.824	19.155	19.462	19.793	20.101	20.403	20.716	21.053	21.355	21.663	21.994	22.353	22.661	23.015	23.323	23.636	23.961	24.292	24.623	24.942	25.273	25.622	25.912	26.231	26.545	26.852	27.183	27.491	27.804	28.123	28.443	28.762	29.122	29.435	29.766
0.985	1.293	1.624	1.943	2.257	2.564	2.866	3.197	3.516	3.835	4.166	4.497	4.793	5.124	5.414	5.734	6.065	6.407	6.703	7.017	7.336	7.644	7.945	8.305	8.636	8.944	9.246	9.588	9.884	10.186	10.488	10.848	11.144	11.486	11.794	12.113	12.444	12.758	13.077	13.385	13.733	14.064	14.366	14.673	14.964	15.265	15.596	15.846	16.136	16.508	16.815	17.164	17.437	17.785	18.133	18.476	18.777	19.155	19.497	19.788	20.055	20.397	20.728	21.065	21.366	21.686	22.028	22.377	22.696	23.003	23.323	23.648	23.967	24.275	24.606	24.948	25.273	25.604	25.918	26.237	26.574	26.887	27.195	27.526	27.816	28.135	28.443	28.756	29.087	29.424
1.293	1.635	1.955	2.262	2.576	2.895	3.226	3.516	3.835	4.166	4.474	4.805	5.113	5.414	5.751	6.076	6.401	6.715	7.034	7.365	7.655	7.974	8.294	8.642	8.955	9.263	9.553	9.873	10.192	10.494	10.865	11.196	11.521	11.835	12.142	12.496	12.781	13.094	13.414	13.733	14.075	14.383	14.702	15.016	15.335	15.631	15.956	16.276	16.607	16.926	17.233	17.553	17.883	18.191	18.522	18.836	19.184	19.486	19.822	20.113	20.432	20.751	21.082	21.413	21.732	22.034	22.382	22.713	22.992	23.323	23.642	23.973	24.304	24.611	24.931	25.285	25.593	25.894	26.202	26.556	26.864	27.183	27.531	27.845	28.153	28.472	28.803	29.122	29.435	29.784
0.225	0.614	0.968	1.328	1.647	1.978	2.297	2.576	2.878	3.209	3.499	3.847	4.149	4.445	4.764	5.095	5.397	5.728	6.088	6.395	6.697	7.005	7.295	7.609	7.928	8.207	8.538	8.874	9.205	9.495	9.826	10.169	10.494	10.767	11.167	11.498	11.759	12.055	12.369	12.729	13.065	13.379	13.704	14.017	14.319	14.615	14.946	15.277	15.585	15.927	16.235	16.566	16.885	17.228	17.547	17.866	18.145	18.448	18.777	19.149	19.445	19.747	20.055	20.357	20.705	21.018	21.355	21.657	21.988	22.324	22.667	22.998	23.329	23.665	23.979	24.287	24.606	24.908	25.215	25.488	25.819	26.179	26.516	26.829	27.148	27.485	27.816	28.135	28.489	28.756	29.076	29.424	29.737
0.747	1.014	1.299	1.618	1.937	2.268	2.558	2.814	3.133	3.528	3.865	4.224	4.544	4.875	5.194	5.507	5.798	6.059	6.378	6.703	7.005	7.284	7.574	7.893	8.305	8.636	8.955	9.263	9.577	9.896	10.227	10.529	10.865	11.185	11.556	11.823	12.113	12.427	12.734	13.048	13.396	13.768	14.064	14.383	14.714	15.004	15.323	15.654	15.956	16.247	16.566	16.868	17.187	17.495	17.837	18.156	18.487	18.836	19.166	19.503	19.805	20.153	20.444	20.705	21.007	21.343	21.744	22.005	22.348	22.684	23.027	23.334	23.665	23.996	24.339	24.664	24.966	25.267	25.587	25.918	26.248	26.539	26.864	27.206	27.508	27.833	28.147	28.483	28.797	29.116
2.622	2.912	3.232	3.522	3.865	4.172	4.503	4.811	5.113	5.414	5.751	6.094	6.425	6.744	7.051	7.365	7.661	7.963	8.282	8.596	8.903	9.223	9.542	9.873	10.192	10.523	10.825	11.121	11.481	11.811	12.154	12.450	12.793	13.100	13.431	13.745	14.081	14.401	14.714	15.010	15.335	15.643	15.945	16.281	16.595	16.902	17.222	17.512	17.843	18.145	18.476	18.783	19.132	19.445	19.753	20.113	20.420	20.751	21.065	21.384	21.721	22.034	22.324	22.644	22.974	23.311	23.625	23.985	24.316	24.582	24.913	25.221	25.534	25.894	26.202	26.533	26.864	27.183	27.502	27.833	28.170	28.443	28.774	29.081	29.395	29.755
2.541	2.872	3.180	3.510	3.830	4.137	4.428	4.782	5.118	5.432	5.751	6.082	6.390	6.697	6.999	7.330	7.649	7.951	8.259	8.619	8.932	9.228	9.530	9.838	10.141	10.500	10.859	11.150	11.452	11.759	12.119	12.450	12.758	13.089	13.419	13.721	14.041	14.337	14.650	14.981	15.277	15.591	15.950	16.281	16.612	16.891	17.199	17.512	17.872	18.180	18.447	18.806	19.149	19.480	19.759	20.078	20.420	20.751	21.059	21.419	21.721	22.011	22.359	22.702	23.027	23.317	23.677	23.979	24.292	24.641	24.948	25.279	25.587	25.900	26.220	26.527	26.858	27.218	27.537	27.862	28.182	28.507	28.808	29.122	29.447
0.736	1.084	1.374	1.693	2.036	2.332	2.674	2.942	3.255	3.551	3.894	4.195	4.515	4.817	5.165	5.502	5.815	6.146	6.442	6.783	7.086	7.423	7.725	8.032	8.416	8.642	8.944	9.252	9.582	9.925	10.233	10.616	10.871	11.225	11.515	11.835	12.125	12.444	12.769	13.112	13.425	13.762	14.081	14.424	14.731	15.033	15.364	15.701	15.974	16.305	16.873	17.175	17.483	17.831	18.116	18.452	18.754	19.091	19.474	19.782	20.084	20.426	20.763	21.065	21.401	21.726	22.052	22.394	22.702	23.056	23.375	23.694	23.985	24.333	24.675	25.012	25.314	25.622	25.924	26.231	26.585	26.875	27.171	27.514	27.874	28.193	28.565	28.872	29.174	29.511	29.813
0.979	1.339	1.659	1.960	2.251	2.547	2.889	3.197	3.539	3.870	4.201	4.509	4.811	5.130	5.432	5.751	6.088	6.430	6.750	7.057	7.382	7.678	7.998	8.311	8.630	8.921	9.240	9.571	9.902	10.221	10.529	10.842	11.179	11.492	11.811	12.131	12.438	12.752	13.048	13.402	13.750	14.070	14.377	14.691	14.998	15.312	15.631	15.950	16.287	16.577	16.891	17.210	17.529	17.837	18.162	18.487	18.801	19.172	19.480	19.799	20.119	20.432	20.751	21.082	21.403	21.738	22.040	22.377	22.678	23.009	23.317	23.619	23.927	24.362	24.681	24.989	25.308	25.627	25.941	26.248	26.591	26.887	27.218	27.531	27.822	28.158	28.478	28.797	29.110	29.447	29.801
1.032	1.322	1.659	1.949	2.262	2.582	2.889	3.209	3.551	3.882	4.201	4.497	4.811	5.107	5.397	5.710	6.088	6.430	6.767	7.057	7.347	7.678	7.980	8.311	8.607	8.950	9.269	9.571	9.861	10.198	10.500	10.807	11.190	11.492	11.829	12.137	12.421	12.781	13.077	13.408	13.750	14.081	14.401	14.708	14.998	15.329	15.637	15.968	16.287	16.601	16.908	17.222	17.500	17.872	18.127	18.429	18.841	19.137	19.468	19.770	20.101	20.432	20.769	21.088	21.401	21.732	22.052	22.330	22.702	23.021	23.340	23.677	24.019	24.310	24.652	24.937	25.262	25.569	25.889	26.231	26.521	26.858	27.171	27.497	27.822	28.158	28.472	28.779	29.081	29.441	29.778
