0.962	1.380	1.833	2.216	2.634	3.052	3.505	3.923	4.352	4.805	5.223	5.687	6.105	6.523	6.953	7.406	7.789	8.241	8.659	9.089	9.461	9.925	10.343	10.796	11.214	11.690	12.061	12.525	12.943	13.396	13.779	14.232	14.650	15.068	15.498	15.916	16.334	16.752	17.204	17.634	18.052	18.470	18.888	19.341	19.770	20.188	20.641	21.059	21.477	21.906	22.359	22.777	23.207	23.625	24.078	24.495	24.925	25.343	25.796	26.214	26.643	27.061	27.526	27.978	28.362	28.779	29.232	29.662
1.461	2.257	3.092	3.928	4.811	5.693	6.483	7.365	8.195	9.083	9.960	10.801	11.678	12.520	13.402	14.238	15.115	15.910	16.792	17.628	18.511	19.393	20.182	21.065	21.901	22.783	23.665	24.455	25.378	26.220	27.096	27.938	28.814	29.650
2.297	3.133	3.923	4.805	5.641	6.477	7.359	8.195	9.077	9.913	10.749	11.678	12.514	13.396	14.232	15.115	15.950	16.786	17.622	18.505	19.341	20.177	21.105	21.988	22.777	23.613	24.542	25.378	26.260	27.096	27.978	28.814	29.650
1.833	2.669	3.180	3.505	4.015	4.387	4.805	5.223	5.641	6.105	6.523	6.941	7.359	7.824	8.241	8.659	9.077	9.577	10.378	10.796	11.260	11.678	12.096	12.560	12.978	13.396	13.861	14.232	14.697	15.068	15.579	16.403	16.833	17.251	17.669	18.180	18.505	18.969	19.341	19.747	20.223	20.827	21.105	21.558	21.941	22.406	22.777	23.288	23.659	24.078	24.542	24.960	25.424	25.842	26.248	26.678	27.096	27.560	27.967	28.396	29.232	29.685
0.950	1.461	1.833	2.206	2.622	3.040	3.458	3.923	4.341	4.805	5.176	5.641	6.012	6.477	6.941	7.313	7.731	8.195	8.613	9.031	9.449	9.867	10.285	10.749	11.167	11.585	12.050	12.514	12.885	13.303	13.721	14.186	14.604	15.022	15.486	15.904	16.322	16.786	17.204	17.622	18.040	18.458	18.876	19.294	19.759	20.177	20.595	21.012	21.477	21.895	22.313	22.731	23.195	23.613	24.078	24.495	24.960	25.331	25.749	26.214	26.678	27.096	27.514	27.932	28.350	28.768	29.186	29.650
1.786	2.576	3.551	4.341	5.176	6.059	6.895	7.777	8.659	9.449	10.331	11.121	11.957	12.885	13.814	14.604	15.440	16.322	17.158	17.947	18.876	19.805	20.641	21.523	22.359	23.195	24.031	24.960	25.796	26.632	27.468	28.303	29.232
0.579	1.003	1.421	1.839	2.251	2.674	3.092	3.551	3.969	4.393	4.811	5.269	5.647	6.111	6.529	6.947	7.365	7.829	8.247	8.665	9.083	9.501	9.919	10.378	10.801	11.219	11.637	12.096	12.566	12.984	13.396	13.774	14.192	14.609	15.115	15.532	15.956	16.328	16.792	17.210	17.628	18.046	18.464	18.882	19.346	19.764	20.182	20.641	21.065	21.483	21.941	22.359	22.783	23.247	23.665	24.083	24.501	24.919	25.384	25.802	26.220	26.637	27.096	27.520	27.938	28.396	28.774	29.192	29.656
2.239	2.982	3.830	4.735	5.583	6.442	7.324	8.160	8.996	9.890	10.703	11.562	12.433	13.315	14.151	15.022	15.823	16.705	17.576	18.423	19.271	20.130	21.001	21.860	22.719	23.590	24.437	25.285	26.156	27.026	27.886	28.756	29.557
3.075	3.923	4.770	5.629	6.488	7.406	8.207	9.089	9.844	10.749	11.608	12.456	13.338	14.174	15.056	15.858	16.763	17.587	18.447	19.259	20.153	21.012	21.872	22.765	23.613	24.449	25.331	26.191	27.050	27.920	28.768	29.581
1.438	2.251	3.040	3.923	4.735	5.594	6.465	7.324	8.149	9.043	9.890	10.761	11.690	12.467	13.327	14.186	15.080	15.939	16.763	17.611	18.423	19.387	20.200	21.105	21.953	22.777	23.648	24.449	25.320	26.214	27.073	27.932	28.768	29.627
3.934	4.375	4.793	5.200	5.670	6.094	6.512	6.953	7.388	7.812	8.218	8.654	9.089	9.530	9.936	10.389	10.830	11.248	11.690	12.073	12.502	12.955	13.385	13.791	14.232	14.685	15.126	15.451	15.858	16.299	16.752	17.251	17.657	18.110	18.516	18.888	19.358	19.811	20.235	20.623	21.123	21.546	21.965	22.324	22.777	23.218	23.636	24.060	24.484	24.971	25.447	25.854	26.260	26.666	27.073	27.549	27.932	28.408	28.826	29.267	29.639
1.461	1.856	2.262	2.680	3.075	3.493	3.946	4.387	4.817	5.258	5.664	6.105	6.512	6.930	7.382	7.800	8.230	8.694	9.101	9.519	9.960	10.366	10.772	11.190	11.632	12.073	12.502	12.943	13.361	13.768	14.209	14.627	15.068	15.521	15.939	16.403	16.833	17.262	17.669	18.098	18.528	18.934	19.352	19.805	20.223	20.652	21.082	21.512	21.930	22.371	22.789	23.230	23.659	24.066	24.472	24.913	25.355	25.807	26.214	26.632	27.050	27.479	27.909	28.362	28.791	29.221	29.650
1.415	1.868	2.303	2.704	3.127	3.534	3.934	4.375	4.793	5.194	5.658	6.088	6.517	6.947	7.349	7.765	8.247	8.665	9.106	9.513	9.954	10.378	10.813	11.243	11.655	12.084	12.543	12.978	13.385	13.814	14.255	14.668	15.126	15.538	15.945	16.403	16.850	17.257	17.675	18.127	18.563	18.975	19.404	19.828	20.258	20.664	21.088	21.535	21.994	22.394	22.806	23.247	23.648	23.996	24.484	24.937	25.407	25.813	26.254	26.678	27.096	27.533	27.967	28.373	28.826	29.244	29.714
1.363	2.164	3.011	3.882	4.706	5.594	6.436	7.336	8.154	9.031	9.855	10.714	11.603	12.456	13.315	14.203	15.016	15.863	16.665	17.535	18.365	19.224	20.101	20.954	21.773	22.603	23.485	24.362	25.204	26.005	26.881	27.746	28.605	29.395
0.265	0.631	1.055	1.415	1.856	2.286	2.762	3.133	3.516	3.952	4.422	4.793	5.246	5.652	6.105	6.535	6.941	7.382	7.794	8.236	8.642	9.095	9.513	9.983	10.383	10.784	11.214	11.672	12.084	12.444	12.926	13.385	13.803	14.232	14.662	15.103	15.532	15.974	16.386	16.833	17.245	17.692	18.092	18.516	18.952	19.352	19.805	20.223	20.641	21.082	21.494	21.965	22.371	22.806	23.224	23.683	24.072	24.513	24.983	25.349	25.784	26.214	26.672	27.084	27.514	27.944	28.356	28.774	29.273	29.732
1.351	1.821	2.233	2.634	3.046	3.464	3.876	4.335	4.695	5.101	5.623	6.041	6.471	6.906	7.342	7.765	8.195	8.625	9.031	9.443	9.884	10.296	10.691	11.132	11.562	12.003	12.433	12.885	13.303	13.745	14.186	14.575	15.016	15.434	15.846	16.264	16.734	17.164	17.582	18.023	18.447	18.894	19.335	19.776	20.182	20.595	21.036	21.454	21.883	22.295	22.702	23.131	23.584	24.002	24.426	24.896	25.302	25.744	26.144	26.591	27.015	27.421	27.903	28.321	28.721	29.203	29.662
0.352	1.391	2.244	3.150	3.951	4.833	5.710	6.534	7.370	8.282	9.083	9.924	10.812	11.701	12.583	13.460	14.301	15.120	15.944	16.844	17.662	18.580	19.444	20.280	21.105	22.034	22.835	23.665	24.605	25.435	26.312	27.130	28.053	29.203
0.521	0.962	1.357	1.810	2.222	2.651	3.069	3.499	3.917	4.352	4.782	5.252	5.658	6.088	6.477	6.918	7.382	7.777	8.178	8.630	9.060	9.490	9.931	10.337	10.778	11.219	11.591	12.079	12.502	12.949	13.338	13.750	14.180	14.627	15.051	15.480	15.927	16.339	16.752	17.181	17.628	18.058	18.458	18.859	19.312	19.729	20.159	20.641	21.070	21.512	21.959	22.359	22.760	23.189	23.642	24.019	24.437	24.908	25.308	25.761	26.191	26.597	27.061	27.497	27.909	28.350	28.779	29.209	29.679
1.397	1.775	2.204	2.593	3.005	3.458	3.888	4.335	4.724	5.165	5.635	6.036	6.448	6.895	7.324	7.765	8.166	8.607	9.014	9.455	9.884	10.308	10.755	11.185	11.597	12.003	12.444	12.856	13.298	13.704	14.168	14.586	15.033	15.463	15.863	16.287	16.746	17.158	17.616	18.023	18.487	18.865	19.294	19.747	20.177	20.583	21.036	21.465	21.877	22.324	22.725	23.178	23.596	24.025	24.408	24.884	25.325	25.755	26.167	26.574	27.067	27.473	27.915	28.338	28.733	29.134
0.968	1.386	1.827	2.262	2.686	3.116	3.493	3.917	4.358	4.805	5.205	5.647	6.053	6.494	6.935	7.377	7.806	8.212	8.654	9.066	9.495	9.942	10.378	10.755	11.214	11.637	12.073	12.543	12.967	13.367	13.826	14.197	14.627	15.115	15.515	15.956	16.374	16.775	17.175	17.605	18.046	18.493	18.905	19.364	19.805	20.223	20.664	21.065	21.483	21.924	22.348	22.783	23.183	23.648	24.078	24.495	24.925	25.366	25.807	26.214	26.655	27.084	27.526	27.938	28.327	28.785	29.186	29.633
1.450	1.879	2.291	2.698	3.098	3.510	3.957	4.399	4.811	5.269	5.710	6.117	6.517	7.011	7.411	7.847	8.259	8.659	9.130	9.571	9.977	10.401	10.807	11.272	11.678	12.171	12.572	13.007	13.408	13.849	14.232	14.668	15.120	15.550	15.962	16.398	16.810	17.239	17.709	18.168	18.522	19.010	19.410	19.817	20.229	20.658	21.070	21.541	21.982	22.377	22.789	23.172	23.648	24.089	24.507	24.989	25.401	25.842	26.289	26.730	27.131	27.537	27.978	28.431	28.838	29.267	29.708
0.520	1.385	2.175	3.005	3.881	4.781	5.605	6.465	7.353	8.194	9.054	9.901	10.755	11.614	12.490	13.355	14.185	15.062	15.892	16.774	17.622	18.481	19.334	20.193	21.035	21.894	22.742	23.630	24.460	25.331	26.213	27.072	27.931	28.825	29.650
0.352	0.974	1.374	1.734	2.175	2.605	3.040	3.435	3.865	4.352	4.741	5.136	5.565	5.972	6.395	6.802	7.226	7.696	8.131	8.543	9.014	9.455	9.832	10.302	10.755	11.185	11.562	11.991	12.433	12.862	13.315	13.814	14.371	14.743	15.144	15.503	15.904	16.310	16.734	17.181	17.576	17.994	18.452	18.923	19.375	19.782	20.194	20.595	21.024	21.494	21.883	22.313	22.725	23.131	23.596	23.985	24.443	24.832	25.302	25.732	26.132	26.585	27.021	27.502	27.961	28.402	28.814	29.244	29.615
3.058	3.499	3.899	4.329	4.729	5.159	5.577	6.036	6.529	6.935	7.365	7.794	8.224	8.619	9.037	9.478	9.884	10.314	10.749	11.185	11.608	12.055	12.485	12.909	13.338	13.745	14.197	14.639	15.068	15.474	15.904	16.345	16.775	17.199	17.616	18.034	18.499	18.905	19.335	19.776	20.188	20.595	21.024	21.465	21.895	22.307	22.736	23.178	23.625	24.066	24.519	24.937	25.378	25.784	26.225	26.649	27.084	27.497	27.915	28.356	28.768	29.186	29.639
2.297	3.023	3.905	4.695	5.577	6.467	7.353	8.166	9.066	10.012	10.807	11.585	12.456	13.332	14.226	15.056	15.852	16.775	17.675	18.487	19.352	20.194	21.094	21.935	22.835	23.723	24.507	25.395	26.266	27.113	28.002	28.884	29.674
1.072	1.513	1.821	2.233	2.680	3.081	3.493	3.894	4.364	4.811	5.223	5.623	6.082	6.523	6.964	7.371	7.783	8.224	8.642	9.072	9.495	9.913	10.314	10.761	11.190	11.614	12.015	12.491	12.961	13.344	13.785	14.215	14.702	15.120	15.532	15.974	16.351	16.775	17.216	17.675	18.116	18.511	18.911	19.381	19.834	20.223	20.652	21.070	21.494	21.953	22.371	22.765	23.212	23.642	24.031	24.461	24.931	25.355	25.755	26.173	26.562	27.032	27.485	27.920	28.362	28.733	29.244	29.703
2.204	2.651	3.075	3.481	3.946	4.352	4.764	5.205	5.612	6.036	6.465	6.901	7.371	7.754	8.131	8.584	9.002	9.426	9.873	10.325	10.743	11.202	11.573	12.084	12.491	12.955	13.361	13.785	14.203	14.656	15.074	15.480	15.945	16.351	16.775	17.262	17.645	18.023	18.505	18.923	19.335	19.793	20.194	20.682	21.094	21.552	21.935	22.336	22.783	23.183	23.596	24.054	24.501	24.966	25.424	25.802	26.254	26.713	27.125	27.543	27.961	28.414	28.832	29.244	29.662
1.891	2.303	2.744	3.336	3.894	4.433	5.031	5.542	6.065	6.616	7.133	7.702	8.201	8.671	9.083	9.536	10.012	10.453	10.935	11.452	11.922	12.444	12.943	13.483	13.983	14.453	14.964	15.463	15.933	16.427	16.856	17.344	17.802	18.261	18.714	19.224	19.671	20.084	20.554	21.024	21.442	21.912	22.324	22.742	23.195	23.671	24.072	24.582	25.024	25.465	25.871	26.312	26.783	27.224	27.723	28.176	28.652	29.064	29.586
1.392	2.222	3.052	3.470	3.940	4.317	4.782	5.200	5.658	6.082	6.488	6.912	7.359	7.742	8.178	8.590	9.048	9.501	9.878	10.337	10.801	11.260	11.632	12.050	12.467	12.897	13.361	13.739	14.192	14.609	15.062	15.521	15.939	16.322	16.740	17.158	17.611	18.098	18.482	18.899	19.300	19.788	20.200	20.618	21.047	21.459	22.342	22.789	23.218	23.642	24.060	24.437	24.890	25.349	25.802	26.220	26.637	27.102	27.508	27.967	28.391	28.797	29.221	29.668
1.502	1.914	2.332	2.756	3.156	3.586	3.992	4.416	4.834	5.316	5.745	6.123	6.564	7.022	7.475	7.806	8.241	8.694	9.153	9.553	10.006	10.424	10.842	11.283	11.695	12.142	12.555	13.002	13.443	13.884	14.302	14.726	15.155	15.602	16.026	16.432	16.845	17.286	17.692	18.092	18.563	18.992	19.416	19.863	20.281	20.722	21.152	21.564	22.011	22.423	22.853	23.282	23.741	24.136	24.623	25.012	25.424	25.854	26.301	26.713	27.154	27.584	28.013	28.431	28.843	29.261	29.714
2.204	3.017	3.905	4.323	4.724	5.205	5.594	6.007	6.413	6.883	7.295	7.713	8.154	8.613	9.014	9.431	9.844	10.302	10.714	11.127	11.603	11.991	12.427	12.874	13.292	13.721	14.133	14.575	15.045	15.474	15.904	16.316	16.734	17.175	17.593	17.982	18.412	18.882	19.323	19.735	20.142	20.554	20.995	21.436	21.912	22.336	22.754	23.166	23.613	24.043	24.495	24.902	25.331	25.773	26.225	26.643	27.084	27.473	27.944	28.373	28.785	29.192	29.633
1.339	3.069	3.917	4.799	5.647	6.506	7.365	8.224	9.048	9.936	10.726	11.626	12.479	14.215	15.068	15.887	16.769	17.616	18.464	19.294	20.206	21.036	21.906	22.736	23.625	24.437	25.384	27.038	27.909	28.768	29.627
1.014	1.409	1.815	2.239	2.698	3.110	3.545	3.934	4.370	4.805	5.234	5.658	6.059	6.494	6.959	7.400	7.806	8.288	8.677	9.118	9.536	9.936	10.378	10.796	11.237	11.649	12.079	12.508	12.926	13.396	13.808	14.238	14.679	15.115	15.527	15.939	16.386	16.798	17.245	17.686	18.127	18.569	18.957	19.375	19.788	20.229	20.635	21.088	21.494	21.959	22.365	22.806	23.236	23.665	24.054	24.507	24.948	25.366	25.807	26.254	26.666	27.137	27.526	27.967	28.420	28.797	29.226	29.668
5.689	7.390	9.096	10.826	12.515	14.216	15.998	17.630	19.360	21.136	22.818	24.578	26.244	27.997	29.628
1.426	2.216	3.098	3.928	4.747	5.629	6.488	7.359	8.207	9.077	9.878	10.749	11.608	12.485	13.350	14.215	15.097	15.887	16.746	17.576	18.458	19.317	20.188	21.047	21.906	22.748	23.567	24.414	25.378	26.208	27.026	27.909	28.739	29.610
1.026	1.444	1.862	2.274	2.663	3.116	3.528	3.946	4.381	4.817	5.246	5.641	6.065	6.523	6.941	7.382	7.783	8.201	8.636	9.083	9.524	9.942	10.395	10.801	11.225	11.643	12.055	12.524	12.926	13.356	13.785	14.244	14.662	15.097	15.503	15.916	16.363	16.804	17.204	17.663	18.081	18.522	18.946	19.393	19.811	20.223	20.641	21.065	21.523	21.924	22.342	22.841	23.224	23.671	24.079	24.495	24.995	25.366	25.784	26.225	26.672	27.113	27.526	27.973	28.437	28.814	29.255	29.662
1.461	2.291	3.145	3.952	4.851	5.705	6.506	7.394	8.265	9.106	9.983	10.813	11.684	12.566	13.431	14.261	15.103	15.933	16.786	17.651	18.563	19.404	20.281	21.105	21.982	22.783	23.683	24.606	25.401	26.283	27.154	27.984	28.855	29.703
1.072	1.473	1.885	2.286	2.733	3.104	3.545	3.963	4.422	4.822	5.252	5.693	6.105	6.546	6.982	7.423	7.835	8.236	8.671	9.083	9.524	9.965	10.372	10.813	11.225	11.666	12.061	12.543	12.984	13.396	13.832	14.273	14.714	15.126	15.521	15.933	16.351	16.792	17.245	17.686	18.081	18.522	18.975	19.416	19.811	20.264	20.664	21.111	21.512	21.912	22.406	22.806	23.242	23.683	24.095	24.536	24.995	25.424	25.865	26.295	26.724	27.125	27.566	27.973	28.414	28.826	29.261	29.703
2.281	2.750	3.162	3.551	3.957	4.410	4.880	5.269	5.722	6.140	6.552	6.988	7.382	7.847	8.247	8.688	9.130	9.548	9.989	10.430	10.859	11.301	11.771	12.131	12.601	13.042	13.472	13.878	14.261	14.697	15.149	15.567	15.968	16.432	16.862	17.257	17.692	18.127	18.598	18.969	19.439	19.817	20.269	20.647	21.128	21.622	21.941	22.411	22.870	23.271	23.688	24.048	24.577	25.012	25.401	25.877	26.318	26.742	27.148	27.549	27.967	28.431	28.797	29.261	29.732
0.271	0.747	1.078	1.409	1.798	2.222	2.669	3.052	3.458	3.882	4.277	4.631	5.142	5.577	6.001	6.378	6.877	7.330	7.742	8.160	8.630	9.048	9.501	9.878	10.302	10.738	11.330	11.690	12.050	12.491	12.891	13.280	13.739	14.157	14.569	14.987	15.428	15.858	16.281	16.717	17.187	17.599	18.017	18.429	18.830	19.300	19.718	20.159	20.629	21.047	21.442	21.912	22.330	22.760	23.172	23.607	24.037	24.472	24.908	25.738	26.191	26.632	27.038	27.462	27.932	28.362	28.762	29.180	29.610
