1.693	2.135	2.622	3.087	3.528	3.969	4.480	4.967	5.455	5.919	6.454	6.918	7.406	7.893	8.381	8.845	9.333	9.867	10.354	10.842	11.306	11.794	12.282	12.769	13.280	13.745	14.279	14.743	15.277	15.695	16.206	16.717	17.204	17.692	18.180	18.644	19.178	19.666	20.130	20.618	21.105	21.616	22.104	22.615	23.102	23.590	24.101	24.565	25.053	25.540	26.074	26.585	27.073	27.537	28.048	28.489	28.977	29.511
2.117	4.021	5.925	7.922	9.873	11.823	13.727	15.724	17.721	19.712	21.622	23.619	25.569	27.613	29.563
3.969	5.919	7.870	9.867	11.771	13.721	15.672	17.669	19.666	21.523	23.567	25.517	27.560	29.511
3.928	5.925	7.922	8.805	9.780	10.848	11.771	12.746	13.634	14.517	15.399	16.694	17.767	18.696	19.625	20.554	21.483	22.684	23.619	24.594	25.569	26.591	27.607	28.588	29.470
2.994	3.487	3.969	4.480	5.020	5.484	5.966	6.430	6.895	7.388	7.824	8.334	8.828	9.310	9.820	10.285	10.825	11.306	11.817	12.282	12.793	13.240	13.721	14.186	14.697	15.207	15.718	16.229	16.740	17.204	17.698	18.209	18.690	19.155	19.648	20.084	20.548	21.059	21.570	22.034	22.574	23.056	23.520	24.031	24.542	25.035	25.500	26.028	26.539	27.050	27.514	28.025	28.489	28.983	29.465
2.158	4.114	5.786	7.736	9.687	11.637	13.634	15.631	17.628	19.579	21.529	23.433	25.384	27.334	29.331
0.532	1.043	1.508	1.926	2.518	2.994	3.458	3.923	4.387	4.898	5.362	5.873	6.384	6.848	7.301	7.812	8.334	8.799	9.263	9.774	10.238	10.749	11.306	11.771	12.270	12.734	13.210	13.721	14.221	14.697	15.207	15.718	16.229	16.694	17.158	17.657	18.180	18.644	19.143	19.619	20.130	20.595	21.059	21.523	22.034	22.545	23.056	23.520	24.031	24.484	24.960	25.471	26.028	26.539	27.050	27.560	28.071	28.536	29.000	29.465
3.992	5.914	7.882	9.820	11.759	13.698	15.695	17.692	19.602	21.541	23.567	25.540	27.526	29.476
3.969	4.457	4.956	5.409	5.919	6.419	6.860	7.324	7.847	8.311	8.764	9.263	9.809	10.285	10.714	11.248	11.748	12.247	12.723	13.199	13.733	14.174	14.650	15.115	15.614	16.080	16.566	16.995	17.622	18.075	18.609	19.108	19.619	20.072	20.513	21.047	21.535	22.011	22.498	22.998	23.497	24.031	24.495	24.983	25.494	26.144	26.527	27.003	27.456	27.955	28.385	28.896	29.395	29.941
3.981	4.950	5.954	6.918	7.870	8.822	9.844	10.778	11.806	12.763	13.716	14.697	15.718	16.752	17.704	18.656	19.608	20.606	21.558	22.626	23.555	24.530	25.540	26.620	27.642	28.623	29.650
3.110	4.015	5.002	5.896	6.906	7.893	8.857	9.855	10.877	11.817	12.827	13.803	14.766	15.765	16.740	17.738	18.725	19.724	20.652	21.604	22.626	23.567	24.519	25.610	26.632	27.584	28.512	29.465
2.204	2.692	3.075	3.528	4.004	4.480	4.967	5.455	5.919	6.395	6.895	7.394	7.882	8.346	8.845	9.344	9.832	10.331	10.842	11.318	11.817	12.282	12.781	13.257	13.721	14.221	14.731	15.219	15.730	16.252	16.752	17.216	17.692	18.203	18.679	19.178	19.642	20.130	20.583	21.059	21.535	22.046	22.568	23.091	23.567	24.066	24.553	25.029	25.529	26.063	26.574	27.108	27.560	28.048	28.536	29.012	29.465	29.952
1.606	2.175	2.657	3.139	3.557	4.027	4.608	5.049	5.490	5.995	6.496	6.970	7.446	7.916	8.416	8.921	9.368	9.878	10.407	10.888	11.335	11.829	12.340	12.822	13.298	13.785	14.296	14.830	15.289	15.770	16.276	16.757	17.239	17.738	18.255	18.725	19.219	19.689	20.171	20.606	21.117	21.610	22.139	22.620	23.108	23.619	24.089	24.600	25.070	25.616	26.127	26.620	27.090	27.595	28.089	28.570	29.058	29.581
1.304	2.286	3.063	3.882	4.776	5.815	6.813	7.841	8.735	9.745	10.732	11.736	12.711	13.675	14.685	15.683	16.734	17.675	18.632	19.561	20.536	21.512	22.504	23.474	24.495	25.511	26.533	27.531	28.605	29.424
0.155	1.084	2.159	3.052	4.044	4.944	5.915	6.871	7.882	8.863	9.826	10.854	11.753	12.781	13.721	14.813	15.794	16.763	17.715	18.714	19.683	20.676	21.604	22.591	23.561	24.553	25.616	26.626	27.595	28.576	29.523
2.065	2.553	3.023	3.481	3.992	4.462	4.904	5.374	5.885	6.372	6.871	7.342	7.835	8.305	8.805	9.292	9.791	10.296	10.801	11.243	11.765	12.224	12.711	13.193	13.663	14.203	14.697	15.196	15.707	16.252	16.723	17.175	17.686	18.156	18.603	19.114	19.584	20.084	20.502	21.012	21.494	22.005	22.475	23.015	23.526	24.025	24.507	24.983	25.523	26.045	26.521	26.992	27.485	28.002	28.483	28.994	29.482
0.341	1.757	2.187	3.081	3.992	4.950	5.867	6.808	7.818	8.868	9.832	10.848	11.817	12.781	13.729	14.772	15.649	16.670	17.762	18.679	19.677	20.577	21.517	22.487	23.561	24.571	25.587	26.579	27.491	28.478	29.418
0.991	1.995	3.034	4.004	5.002	5.931	6.964	7.876	8.845	9.844	10.865	11.794	12.752	13.692	14.755	15.846	16.723	17.704	18.725	19.666	20.635	21.634	22.661	23.596	24.524	25.581	26.626	27.636	28.512	29.662
2.106	2.558	3.000	3.470	3.975	4.480	4.979	5.467	5.919	6.419	6.889	7.400	7.887	8.375	8.886	9.356	9.867	10.325	10.807	11.248	11.765	12.247	12.740	13.228	13.739	14.209	14.685	15.219	15.718	16.287	16.757	17.239	17.715	18.185	18.679	19.155	19.619	20.095	20.577	21.059	21.529	22.110	22.586	23.085	23.538	24.048	24.519	25.035	25.546	26.086	26.568	27.079	27.549	28.025	28.489	28.988	29.499
2.123	2.616	3.156	3.597	4.027	4.567	5.014	5.525	5.966	6.454	6.895	7.928	8.445	8.903	9.397	9.844	10.327	10.836	11.306	11.817	12.293	12.758	13.257	13.727	14.267	14.755	15.306	15.788	16.293	16.775	17.233	17.704	18.185	18.708	19.213	19.695	20.136	20.583	21.094	21.616	22.156	22.638	23.085	23.572	24.095	24.617	25.076	25.587	26.103	26.597	27.067	27.566	28.066	28.536	29.046	29.517
2.169	3.168	4.039	5.037	5.919	6.947	7.899	8.897	9.838	10.842	11.841	12.758	13.762	14.737	15.707	16.781	17.698	18.777	19.729	20.618	21.541	22.620	23.648	24.571	25.598	26.597	27.572	28.570	29.488
1.061	1.955	3.052	4.010	5.002	5.954	6.912	7.905	8.805	9.844	10.801	11.823	12.723	13.721	14.714	15.701	16.740	17.680	18.714	19.654	20.612	21.570	22.591	23.561	24.611	25.593	26.591	27.560	28.524	29.470
0.335	2.094	3.081	4.004	5.002	5.931	6.854	7.812	8.886	9.855	10.854	11.852	12.752	13.692	14.795	15.765	16.746	17.756	18.632	19.625	20.554	21.552	22.586	23.520	24.484	25.523	26.545	27.502	28.402	29.383
3.963	4.875	5.827	6.808	7.824	8.764	9.728	10.674	11.707	12.665	13.716	14.697	15.666	16.647	17.675	18.615	19.573	20.536	21.564	22.586	23.572	24.524	25.494	26.527	27.497	28.524	29.424
4.021	4.944	5.914	6.895	7.864	8.845	9.762	10.825	11.823	12.775	13.785	14.801	15.765	16.763	17.744	18.725	19.695	20.652	21.604	22.586	23.613	24.606	25.575	26.562	27.543	28.576	29.465
3.023	3.952	4.445	4.944	5.443	5.925	6.413	6.906	7.365	7.876	8.363	8.816	9.304	9.803	10.285	10.825	11.312	11.782	12.293	12.787	13.274	13.774	14.255	14.714	15.242	15.776	16.235	16.723	17.216	17.692	18.162	18.644	19.143	19.625	20.124	20.612	21.152	21.564	22.075	22.545	23.056	23.543	24.043	24.577	25.006	25.563	26.127	26.597	27.073	27.572	28.077	28.565	29.012	29.476
1.113	2.135	3.040	4.004	5.026	5.931	6.912	7.876	8.903	9.844	10.871	11.864	12.845	13.716	14.813	15.712	16.752	17.675	18.754	19.770	20.682	21.622	22.684	23.596	24.611	25.616	26.672	27.572	28.565	29.546
1.664	2.181	3.092	4.004	4.915	5.925	6.761	7.806	8.764	9.826	10.801	11.782	12.775	13.774	14.766	15.765	16.694	17.675	18.644	19.642	20.571	21.564	22.522	23.561	24.524	25.505	26.556	27.595	28.576	29.505
2.181	3.052	4.056	4.973	5.954	6.866	7.882	8.874	9.902	10.883	11.835	12.746	13.721	14.743	15.776	16.682	17.825	18.725	19.671	20.705	21.651	22.632	23.625	24.606	25.622	26.655	27.601	28.582	29.494
2.216	2.727	3.168	3.597	4.056	4.584	5.078	5.554	6.018	6.506	6.976	7.475	7.957	8.439	8.938	9.426	9.948	10.436	10.906	11.376	11.887	12.334	12.839	13.344	13.826	14.337	14.836	15.329	15.817	16.299	16.786	17.286	17.767	18.296	18.777	19.265	19.695	20.206	20.728	21.198	21.668	22.185	22.667	23.195	23.665	24.176	24.646	25.157	25.639	26.167	26.666	27.189	27.688	28.176	28.658	29.139	29.604
2.175	2.616	2.942	3.452	3.934	4.451	4.892	5.414	5.914	6.401	6.854	7.336	7.824	8.323	8.845	9.344	9.791	10.325	10.813	11.324	11.806	12.253	12.705	13.193	13.716	14.203	14.685	15.213	15.736	16.194	16.665	17.193	17.675	18.185	18.685	19.143	19.625	20.124	20.566	21.123	21.581	22.046	22.551	23.062	23.543	24.002	24.571	25.053	25.604	26.074	26.521	27.015	27.526	27.973	28.425	28.925	29.424
2.157	4.067	5.948	7.939	9.889	11.840	13.709	15.799	17.738	19.700	21.627	23.688	25.668	27.647	29.586
1.316	2.117	3.034	4.044	5.014	5.937	6.895	7.887	8.874	9.878	10.888	11.823	12.816	13.768	14.807	15.765	16.757	17.675	18.667	19.625	20.693	21.657	22.603	23.636	24.623	25.616	26.643	27.607	28.594	29.586
4.056	5.943	7.916	9.884	11.835	13.756	15.724	17.756	19.695	21.616	23.613	25.662	27.665	29.523
0.155	2.047	3.005	3.945	4.926	5.872	6.842	7.835	8.787	9.727	10.755	11.764	12.786	13.657	14.673	15.706	16.646	17.622	18.574	19.543	20.576	21.517	22.544	23.543	24.535	25.546	26.567	27.473	28.571
1.264	1.711	2.181	2.634	3.104	3.522	4.015	4.515	4.996	5.496	5.943	6.436	6.906	7.382	7.916	8.381	8.886	9.362	9.861	10.354	10.825	11.306	11.806	12.305	12.804	13.292	13.745	14.244	14.743	15.242	15.666	16.194	16.723	17.181	17.667	18.133	18.615	19.132	19.584	20.072	20.571	21.066	21.523	22.075	22.522	23.056	23.503	24.043	24.495	24.995	25.442	26.005	26.504	27.035	27.444	27.973	28.431	28.965	29.412
2.210	3.110	4.015	5.049	5.960	6.959	7.940	8.926	9.907	10.859	11.846	12.851	13.791	14.778	15.770	16.717	17.779	18.690	19.677	20.670	21.657	22.639	23.630	24.658	25.610	26.608	27.607	28.547	29.627
2.268	2.680	3.081	3.528	3.998	4.497	5.008	5.490	5.972	6.448	6.959	7.429	7.911	8.421	8.897	9.379	9.890	10.407	10.888	11.370	11.841	12.317	12.798	13.280	13.762	14.290	14.807	15.289	15.770	16.281	16.757	17.257	17.767	18.267	18.708	19.219	19.712	20.182	20.641	21.158	21.622	22.127	22.649	23.131	23.607	24.118	24.600	25.082	25.598	26.138	26.632	27.108	27.590	28.100	28.582	29.058	29.499
2.239	3.098	4.079	5.078	6.001	6.988	7.940	8.938	9.878	10.888	11.829	12.822	13.820	14.789	15.817	16.792	17.767	18.760	19.677	20.647	21.622	22.620	23.630	24.617	25.622	26.661	27.601	28.582	29.650
0.347	1.119	2.146	3.046	4.015	4.898	5.908	6.924	8.834	9.797	12.705	13.756	14.766	15.875	16.873	17.767	20.595	21.599	22.597	23.596	25.565	26.597	29.557
