0.869	1.554	2.297	3.005	3.748	4.468	5.200	5.931	6.651	7.417	8.172	8.868	9.635	10.389	11.121	11.875	12.572	13.292	14.070	14.766	15.498	16.194	17.007	17.773	18.516	19.224	19.991	20.745	21.477	22.232	23.009	23.694	24.530	25.250	25.958	26.748	27.491	28.245	28.977	29.790
3.702	4.631	5.699	6.767	7.916	8.996	10.204	11.225	12.340	13.396	14.557	15.637	16.659	17.808	18.981	20.095	21.198	22.324	23.474	24.600	25.668	26.817	27.990	29.093
6.755	8.984	11.214	13.350	15.625	17.808	20.130	22.266	24.495	26.724	29.046
6.895	7.824	8.845	9.913	10.378	11.074	12.142	13.257	15.579	16.694	17.715	18.969	20.177	21.291	22.359	23.381	24.403	25.471	26.585
2.326	2.697	3.069	3.440	3.812	4.183	4.555	4.926	5.251	5.623	5.994	6.366	6.691	7.109	7.480	7.852	8.223	8.549	8.967	9.338	9.710	10.035	10.406	10.778	11.149	11.567	11.939	12.264	12.635	13.007	13.378	13.750	14.075	14.446	14.864	15.236	15.561	15.933	16.304	16.676	17.047	17.419	17.790	18.162	18.533	18.905	19.323	19.694	20.112	20.437	20.809	21.134	21.552	21.877	22.295	22.666	23.038	23.409	23.781	24.152	24.524	24.895	25.267	25.639	26.010	26.335	26.753	27.078	27.496	27.821	28.239	28.657	29.029	29.400	29.772
5.037	7.266	9.350	11.260	13.350	15.532	17.111	18.690	20.362	21.848	23.474	25.238	26.632	28.257	29.743
0.904	1.891	2.854	3.830	4.724	5.420	6.210	7.034	7.870	8.625	9.461	10.250	10.947	11.643	12.386	13.118	13.861	14.569	15.300	16.008	16.740	17.448	18.191	18.934	19.677	20.467	21.210	21.953	22.731	23.485	24.228	24.925	25.668	26.365	27.154	27.932	28.640	29.430
11.243	13.431	15.637	17.872	20.165	22.388	24.635	26.823	29.058
5.217	5.751	6.296	6.946	7.562	8.200	8.734	9.303	10.000	10.673	11.172	11.823	12.438	13.030	13.587	14.121	14.771	15.422	15.979	16.594	17.152	17.709	18.313	18.986	19.683	20.263	20.762	21.436	22.039	22.631	23.282	23.758	24.466	25.139	25.650	26.265	26.892	27.624	28.216	28.843	29.400
2.372	4.555	6.772	9.048	11.242	13.402	15.636	17.918	20.135	22.341	24.605	26.834	29.063
4.596	5.687	6.848	7.916	9.031	10.192	11.260	12.386	13.478	14.499	15.591	16.682	17.889	19.015	20.153	21.175	22.324	23.520	24.658	25.691	26.806	27.967	29.081
1.130	1.536	1.896	2.337	2.697	3.057	3.498	3.858	4.195	4.566	4.915	5.275	5.646	6.029	6.389	6.761	7.121	7.480	7.864	8.212	8.583	8.978	9.350	9.710	10.139	10.476	10.836	11.207	11.556	11.950	12.333	12.682	13.030	13.402	13.738	14.086	14.528	14.899	15.259	15.619	15.967	16.327	16.676	17.059	17.430	17.802	18.197	18.591	18.963	19.334	19.717	20.089	20.449	20.809	21.180	21.552	21.935	22.318	22.701	23.073	23.433	23.793	24.176	24.582	24.965	25.337	25.685	26.022	26.416	26.788	27.148	27.577	27.926	28.320	28.692	29.052	29.412	29.818
2.500	3.545	4.631	5.681	6.796	7.893	9.002	10.163	11.231	12.351	13.443	14.522	15.672	16.781	17.942	19.021	20.142	21.233	22.371	23.532	24.623	25.691	26.812	27.920	29.076
1.333	2.430	3.423	4.572	5.675	6.761	7.852	8.972	10.052	11.225	12.310	13.355	14.510	15.712	16.774	17.831	18.980	20.141	21.215	22.324	23.514	24.541	25.691	26.741	27.862	29.011
0.202	1.055	1.931	2.802	3.656	4.642	5.635	6.703	7.824	8.932	9.995	11.103	12.351	13.396	14.482	15.521	16.694	17.814	18.905	20.101	21.181	22.324	23.421	24.542	25.685	26.783	27.955	29.041
4.671	5.066	5.391	5.722	6.076	6.384	6.744	7.156	7.516	7.893	8.294	8.642	9.025	9.414	9.751	10.163	10.534	10.865	11.312	11.655	11.986	12.375	12.694	13.013	13.431	13.785	14.163	14.534	14.836	15.144	15.556	15.945	16.212	16.665	17.065	17.431	17.843	18.214	18.603	18.946	19.323	19.724	20.101	20.502	20.832	21.204	21.581	21.976	22.336	22.731	23.102	23.485	23.851	24.211	24.606	24.971	25.331	25.703	26.086	26.446	26.812	27.224	27.560	27.955	28.344	28.646	29.035	29.441	29.743
0.305	1.478	2.616	3.730	4.746	5.640	6.737	7.869	8.949	10.058	11.196	12.380	13.448	14.545	15.636	16.687	17.889	18.928	20.135	21.256	22.359	23.566	24.646	25.760	26.881	28.007	29.087
1.148	2.338	3.429	4.538	5.681	6.732	7.911	8.990	10.140	11.231	12.340	13.460	14.540	15.608	16.728	17.849	18.952	20.089	21.181	22.359	23.509	24.617	25.680	26.829	27.978	29.058
1.223	2.326	3.423	4.503	5.565	6.657	7.835	8.903	10.012	11.167	12.293	13.385	14.493	15.585	16.624	17.692	18.882	20.084	21.204	22.295	23.445	24.536	25.604	26.695	27.862	29.006
1.055	2.059	3.307	4.526	5.525	6.697	7.887	8.984	10.035	11.144	12.247	13.327	14.459	15.527	16.647	17.727	18.917	20.066	21.204	22.295	23.387	24.565	25.656	26.759	27.926	29.029
1.205	2.314	3.487	4.566	5.629	6.790	7.898	8.978	10.186	11.277	12.304	13.477	14.516	15.620	16.809	17.918	18.974	20.130	21.256	22.364	23.456	24.617	25.726	26.898	27.949	29.098
1.252	2.425	3.545	4.573	5.606	6.726	7.922	8.932	10.018	11.185	12.375	13.437	14.563	15.637	16.723	17.883	18.946	20.113	21.227	22.313	23.462	24.553	25.685	26.777	27.944	29.076
0.306	1.554	4.155	5.815	6.686	7.858	8.979	9.977	11.068	12.195	13.408	14.464	15.538	16.705	17.796	18.894	20.066	21.163	22.319	23.427	24.553	25.604	26.817	27.909	28.988
2.366	3.533	4.555	5.658	6.674	7.817	8.943	9.924	11.167	12.287	13.372	14.505	15.596	16.583	17.744	18.934	20.054	21.163	22.283	23.334	24.524	25.697	26.753	27.902	29.005
4.706	5.705	6.726	7.789	8.915	10.116	11.277	12.287	13.437	14.534	15.637	16.548	17.738	18.917	20.078	21.175	22.348	23.468	24.559	25.645	26.875	27.926	29.087
4.706	5.774	6.767	7.905	9.002	10.116	11.225	12.322	13.495	14.575	15.654	16.717	17.825	18.975	20.066	21.227	22.377	23.526	24.664	25.645	26.806	27.932	29.064
2.425	3.551	4.613	5.635	6.813	7.882	9.014	10.134	11.225	12.363	13.425	14.563	15.625	16.682	17.936	19.033	20.165	21.221	22.365	23.503	24.606	25.691	26.835	27.926	29.076
2.064	3.555	4.896	6.243	7.636	8.995	10.324	11.543	12.855	14.086	15.398	16.663	17.923	19.177	20.355	21.557	22.828	23.937	25.307	26.607	27.843	29.103
2.355	3.481	4.544	5.652	6.715	7.841	8.944	10.093	11.156	12.322	13.385	14.522	15.625	16.653	17.825	18.923	20.165	21.204	22.336	23.433	24.565	25.662	26.794	28.002	29.064
2.541	4.613	5.693	6.732	7.812	9.002	10.076	11.144	12.264	13.414	14.522	15.614	16.775	17.872	18.992	20.136	21.204	22.342	23.462	24.594	25.703	26.881	27.973	29.081
0.852	1.775	2.733	3.975	4.520	4.973	5.345	5.705	6.041	6.355	6.773	7.133	7.464	7.864	8.224	8.590	8.984	9.350	9.693	10.064	10.442	10.813	11.185	11.573	11.922	12.293	12.653	13.031	13.390	13.785	14.122	14.493	14.882	15.202	15.591	15.985	16.310	16.665	17.030	17.390	17.791	18.162	18.534	18.882	19.265	19.625	20.031	20.391	20.774	21.134	21.512	21.860	22.255	22.673	23.044	23.404	23.781	24.153	24.565	24.931	25.262	25.633	26.005	26.324	26.754	27.142	27.502	27.874	28.280	28.652	29.023	29.424	29.801
2.425	4.573	6.663	8.973	11.202	13.385	15.562	17.715	19.962	22.324	24.582	26.812	29.064
0.654	2.587	3.638	4.526	5.629	6.726	7.858	9.025	10.076	11.196	12.276	13.385	14.505	15.667	16.688	17.808	18.917	20.148	21.169	22.319	23.509	24.617	25.685	26.806	27.967	29.058
4.648	5.629	6.736	7.869	8.955	10.006	11.190	12.328	13.396	14.516	15.578	16.716	17.825	18.928	20.147	21.180	22.330	23.469	24.599	25.685	26.799	27.926	29.069
0.179	1.228	2.395	3.527	4.665	5.727	6.790	7.858	8.949	10.075	11.138	12.386	13.448	14.539	15.607	16.699	17.866	18.928	20.135	21.337	22.399	23.496	24.559	25.697	26.817	27.966	29.249
1.501	2.111	2.680	3.661	4.381	5.722	6.755	7.816	8.833	9.820	10.802	11.782	12.821	13.750	14.742	15.770	16.571	17.581	18.411	19.363	20.275	21.174	22.168	23.113	24.025	24.936	25.853	26.643	27.502	28.384
2.605	4.753	6.895	9.066	11.266	13.466	15.707	17.953	20.107	22.382	24.594	26.846	29.076
2.309	3.377	4.561	5.577	6.692	7.719	8.897	9.971	11.179	12.317	13.460	14.528	15.672	16.699	17.860	18.957	20.101	21.210	22.348	23.532	24.641	25.680	26.817	27.967	29.070
3.528	4.619	5.687	6.761	7.899	9.002	10.192	11.248	12.369	13.419	14.592	15.649	16.740	17.942	19.039	20.159	21.250	22.388	23.532	24.611	25.732	26.829	28.002	29.128
0.364	1.194	2.366	3.527	4.636	5.693	6.743	7.864	8.972	10.023	11.172	12.287	13.442	14.522	15.636	16.687	17.773	18.893	19.967	21.052	22.225	23.415	25.668	26.712	27.885	29.005
