0.625	1.235	1.740	2.164	2.628	3.092	3.603	4.068	4.532	5.037	5.455	5.925	6.390	6.854	7.318	7.783	8.247	8.712	9.223	9.640	10.105	10.569	11.034	11.498	12.003	12.427	12.891	13.356	13.820	14.284	14.702	15.207	15.678	16.142	16.601	17.071	17.535	18.000	18.458	18.882	19.346	19.811	20.275	20.786	21.204	21.715	22.179	22.644	23.108	23.567	23.990	24.455	24.919	25.384	25.848	26.312	26.817	27.241	27.706	28.216	28.629	29.052	29.517
1.211	1.722	2.186	2.651	3.115	3.626	4.044	4.555	4.973	5.484	5.902	6.412	6.877	7.295	7.759	8.223	8.688	9.199	9.663	10.174	10.592	11.056	11.521	11.985	12.449	12.914	13.332	13.843	14.261	14.725	15.189	15.654	16.118	16.536	17.047	17.511	17.976	18.440	18.858	19.369	19.834	20.344	20.762	21.273	21.691	22.202	22.666	23.131	23.595	24.059	24.431	24.942	25.406	25.871	26.335	26.799	27.217	27.635	28.146	28.611	29.075	29.586
2.210	3.092	4.062	4.996	5.972	6.854	7.783	8.712	9.640	10.569	11.498	12.427	13.356	14.284	15.260	16.188	17.071	17.994	18.928	19.857	20.780	21.715	22.597	23.526	24.449	25.337	26.260	27.241	28.164	29.052	29.935
2.738	3.180	3.667	4.132	4.596	5.060	5.525	6.012	6.500	6.941	7.406	7.824	8.288	8.752	9.240	9.704	10.192	10.680	11.121	11.562	12.050	12.491	12.978	13.396	13.837	14.302	14.766	15.207	15.695	16.183	16.624	17.088	17.553	18.040	18.482	18.923	19.433	19.851	20.362	20.803	21.291	21.755	22.220	22.661	23.125	23.613	24.054	24.519	24.983	25.447	25.912	26.353	26.817	27.259	27.769	28.234	28.698	29.116	29.604	29.999
4.433	4.991	5.502	5.966	6.430	6.848	7.359	7.777	8.241	8.706	9.170	9.635	10.099	10.563	11.028	11.539	11.957	12.421	12.885	13.350	13.814	14.279	14.789	15.207	15.672	16.183	16.601	17.065	17.529	17.994	18.458	18.923	19.341	19.851	20.269	20.780	21.245	21.709	22.173	22.638	23.102	23.567	23.985	24.495	24.960	25.424	25.889	26.307	26.771	27.235	27.700	28.164	28.675	29.093	29.557
1.786	2.175	2.733	3.708	4.544	5.426	6.401	7.330	8.195	9.124	10.116	10.656	11.092	11.928	12.903	13.785	14.760	15.689	16.618	17.547	18.458	19.404	20.316	21.291	22.191	23.102	24.048	24.931	25.842	26.788	27.717	28.646	29.575
0.625	1.090	1.624	2.158	2.715	3.156	3.621	4.085	4.573	5.014	5.502	5.966	6.454	6.918	7.382	7.800	8.288	8.752	9.217	9.681	10.145	10.656	11.074	11.562	12.050	12.491	12.932	13.396	13.861	14.348	14.789	15.277	15.718	16.183	16.647	17.111	17.576	17.994	18.482	18.946	19.410	19.851	20.293	20.780	21.245	21.686	22.173	22.638	23.125	23.567	24.031	24.495	24.960	25.424	25.865	26.353	26.817	27.282	27.723	28.187	28.652	29.139	29.557
3.865	4.747	5.664	6.581	7.487	8.416	9.600	10.505	11.492	12.398	13.269	14.232	15.161	16.043	16.961	17.924	18.888	19.793	20.711	21.628	22.510	23.462	24.403	25.320	26.191	27.177	28.106	29.012	29.929
0.555	1.287	1.757	2.181	2.645	3.115	3.649	4.102	4.601	5.037	5.507	5.989	6.476	6.912	7.382	7.788	8.276	8.711	9.193	9.681	10.087	10.551	11.103	11.538	12.072	12.508	12.943	13.396	13.883	14.348	14.806	15.213	15.723	16.147	16.635	17.088	17.633	17.993	18.411	18.910	19.444	19.868	20.321	20.791	21.244	21.697	22.132	22.614	23.148	23.572	24.036	24.489	24.948	25.412	25.882	26.335	26.834	27.258	27.757	28.227	28.699	29.116	29.568
5.943	6.906	7.754	8.625	9.611	10.575	11.481	12.438	13.361	14.302	15.219	16.090	17.030	18.005	18.911	19.770	20.722	21.657	22.615	23.520	24.484	25.407	26.295	27.248	28.187	29.093
2.227	2.715	3.180	3.644	4.120	4.608	5.037	5.478	5.943	6.442	6.918	7.394	7.847	8.276	8.741	9.228	9.693	10.145	10.633	11.121	11.573	12.038	12.491	12.943	13.385	13.849	14.302	14.755	15.231	15.707	16.194	16.682	17.135	17.576	18.029	18.505	18.957	19.410	19.817	20.304	20.792	21.279	21.744	22.185	22.603	23.137	23.601	24.008	24.495	24.995	25.459	25.912	26.388	26.852	27.305	27.758	28.222	28.698	29.116	29.592
2.216	2.686	3.121	3.609	4.097	4.561	5.014	5.467	5.954	6.407	6.871	7.324	7.812	8.276	8.752	9.217	9.681	10.157	10.610	11.063	11.550	12.026	12.456	12.909	13.385	13.872	14.313	14.766	15.231	15.683	16.171	16.577	17.088	17.564	18.029	18.447	18.923	19.375	19.840	20.327	20.792	21.279	21.732	22.185	22.655	23.091	23.543	24.031	24.495	24.971	25.424	25.877	26.341	26.812	27.282	27.746	28.199	28.675	29.139	29.592
1.746	2.198	2.663	3.133	3.638	4.085	4.555	5.014	5.478	5.954	6.425	6.883	7.336	7.806	8.253	8.717	9.193	9.664	10.134	10.604	11.068	11.527	12.003	12.444	12.903	13.373	13.826	14.308	14.766	15.248	15.707	16.148	16.607	17.088	17.518	17.994	18.458	18.934	19.364	19.834	20.304	20.774	21.227	21.703	22.168	22.644	23.108	23.578	24.025	24.484	24.966	25.424	25.877	26.347	26.806	27.264	27.717	28.176	28.623	29.128	29.598
1.867	2.273	2.715	3.167	3.603	4.085	4.555	5.013	5.495	5.936	6.412	6.877	7.335	7.782	8.287	8.746	9.205	9.675	10.133	10.586	11.074	11.532	11.985	12.484	12.914	13.384	13.837	14.336	14.783	15.224	15.694	16.153	16.623	17.093	17.587	18.022	18.487	18.922	19.392	19.874	20.344	20.762	21.256	21.726	22.167	22.626	23.084	23.543	24.007	24.477	24.953	25.406	25.877	26.323	26.817	27.287	27.723	28.175	28.634	29.075	29.563
0.329	1.049	1.711	2.227	2.680	3.127	3.632	4.091	4.538	5.018	5.490	5.972	6.430	6.901	7.347	7.812	8.300	8.741	9.188	9.669	10.128	10.587	11.057	11.527	12.020	12.486	12.932	13.390	13.890	14.331	14.807	15.271	15.741	16.217	16.641	17.117	17.570	18.017	18.540	18.981	19.428	19.892	20.362	20.798	21.291	21.779	22.208	22.638	23.102	23.601	24.072	24.519	24.977	25.447	25.900	26.370	26.812	27.311	27.758	28.269	28.727	29.151	29.598
2.227	2.669	3.127	3.580	4.079	4.526	5.008	5.467	5.948	6.390	6.860	7.318	7.789	8.236	8.677	9.170	9.646	10.128	10.598	11.039	11.568	12.009	12.438	12.949	13.379	13.820	14.238	14.737	15.190	15.637	16.107	16.560	17.065	17.506	17.930	18.418	18.899	19.375	19.840	20.310	20.757	21.239	21.657	22.150	22.597	23.067	23.526	24.025	24.466	24.896	25.418	25.848	26.307	26.736	27.247	27.717	28.199	28.669	29.128	29.598
0.701	1.264	1.751	2.233	2.704	3.203	3.673	4.114	4.561	5.066	5.525	5.983	6.454	6.906	7.353	7.824	8.276	8.746	9.211	9.681	10.151	10.604	11.074	11.544	12.044	12.456	12.943	13.402	13.866	14.325	14.795	15.265	15.724	16.171	16.641	17.106	17.553	18.005	18.476	18.934	19.404	19.863	20.333	20.792	21.233	21.715	22.173	22.655	23.102	23.543	23.985	24.495	24.884	25.436	25.935	26.405	26.835	27.264	27.746	28.182	28.675	29.135	29.621
0.956	1.252	1.722	2.216	2.686	3.145	3.615	4.091	4.544	5.014	5.472	5.931	6.401	6.871	7.336	7.806	8.253	8.712	9.176	9.652	10.122	10.581	11.045	11.521	12.015	12.444	12.914	13.344	13.803	14.255	14.755	15.242	15.683	16.136	16.624	17.094	17.553	17.994	18.441	18.876	19.393	19.863	20.345	20.786	21.245	21.703	22.173	22.615	23.096	23.572	24.025	24.472	24.913	25.395	25.842	26.301	26.771	27.276	27.682	28.164	28.646	29.116	29.563
1.258	1.728	2.186	2.645	3.104	3.574	4.067	4.566	5.037	5.484	5.954	6.395	6.865	7.318	7.788	8.223	8.705	9.176	9.675	10.104	10.563	11.033	11.526	11.973	12.426	12.867	13.343	13.814	14.295	14.777	15.224	15.648	16.095	16.594	17.076	17.517	17.964	18.463	18.928	19.363	19.834	20.275	20.756	21.227	21.697	22.144	22.597	23.096	23.543	24.048	24.443	24.913	25.377	25.865	26.306	26.747	27.235	27.693	28.164	28.628	29.058	29.563
2.193	2.674	3.156	3.615	4.103	4.573	4.985	5.432	5.902	6.395	6.854	7.342	8.114	8.694	9.182	9.693	10.233	10.633	11.103	11.544	12.026	12.404	12.891	13.356	13.762	14.354	14.824	15.236	15.712	16.154	16.607	17.106	17.553	18.036	18.516	18.975	19.433	19.904	20.357	20.792	21.233	21.703	22.191	22.644	23.114	23.572	24.031	24.513	24.954	25.413	25.894	26.301	26.754	27.253	27.752	28.251	28.652	29.093	29.575
1.252	1.798	2.239	2.692	3.127	3.650	4.097	4.538	5.020	5.490	5.937	6.407	6.912	7.359	7.829	8.282	8.799	9.240	9.681	10.209	10.610	11.080	11.562	11.997	12.491	12.920	13.379	13.878	14.348	14.749	15.207	15.718	16.188	16.647	17.129	17.570	17.971	18.487	18.940	19.428	19.880	20.351	20.861	21.320	21.721	22.139	22.632	23.102	23.607	24.019	24.501	24.989	25.459	25.877	26.318	26.748	27.270	27.752	28.240	28.710	29.110	29.569
1.299	1.641	2.152	2.628	3.098	3.539	4.050	4.520	4.962	5.438	5.879	6.337	6.831	7.301	7.777	8.241	8.688	9.159	9.600	10.029	10.511	10.999	11.498	11.910	12.380	12.851	13.309	13.768	14.221	14.691	15.132	15.631	16.090	16.531	16.990	17.489	17.930	18.377	18.830	19.317	19.782	20.269	20.711	21.169	21.610	22.110	22.557	23.021	23.491	23.938	24.420	24.861	25.308	25.767	26.272	26.748	27.201	27.671	28.118	28.611	29.087	29.540	29.970
0.933	1.293	1.751	2.193	2.645	3.174	3.615	4.021	4.491	5.002	5.513	5.983	6.395	6.866	7.353	7.765	8.276	8.706	9.141	9.646	10.082	10.581	11.051	11.533	11.933	12.433	12.885	13.361	13.791	14.273	14.772	15.225	15.596	15.974	16.322	16.972	17.483	17.965	18.441	18.911	19.352	19.805	20.275	20.763	21.233	21.692	22.162	22.615	23.062	23.532	24.014	24.495	24.884	25.331	25.825	26.312	26.754	27.195	27.613	28.083	28.555	29.035	29.494
3.104	3.592	4.073	4.532	5.014	5.484	5.919	6.390	6.842	7.313	7.742	8.224	8.712	9.199	9.664	10.122	10.581	11.080	11.492	11.974	12.444	12.903	13.350	13.855	14.331	14.784	15.202	15.660	16.142	16.595	17.030	17.512	17.982	18.470	18.911	19.364	19.834	20.310	20.763	21.210	21.692	22.162	22.615	23.073	23.555	24.019	24.443	24.890	25.372	25.842	26.254	26.742	27.224	27.700	28.170	28.611	29.064	29.540
6.906	7.342	7.794	8.253	8.764	9.234	9.704	10.134	10.645	11.086	11.544	12.026	12.485	12.955	13.356	13.826	14.296	14.784	15.236	15.741	16.171	16.653	17.094	17.535	17.982	18.482	18.934	19.375	19.875	20.316	20.763	21.221	21.686	22.214	22.661	23.114	23.555	24.031	24.495	24.966	25.442	25.906	26.301	26.765	27.253	27.723	28.205	28.692	29.163	29.586
2.164	2.686	3.121	3.574	4.056	4.515	5.002	5.496	5.954	6.401	6.871	7.342	7.765	8.241	8.706	9.182	9.652	10.122	10.552	11.045	11.521	12.003	12.462	12.932	13.396	13.832	14.273	14.784	15.267	15.741	16.183	16.641	17.082	17.582	18.034	18.505	18.934	19.416	19.834	20.281	20.751	21.233	21.686	22.173	22.644	23.125	23.543	24.043	24.501	24.942	25.395	25.836	26.272	26.765	27.241	27.746	28.216	28.721	29.116	29.586
2.204	2.663	3.145	3.592	4.085	4.561	5.055	5.484	5.966	6.413	6.906	7.366	7.794	8.224	8.694	9.223	9.652	10.093	10.581	11.086	11.492	11.945	12.456	12.903	13.356	13.803	14.296	14.795	15.236	15.724	16.194	16.624	17.094	17.553	17.976	18.476	18.876	19.381	19.822	20.374	20.786	21.256	21.692	22.185	22.591	23.056	23.514	23.996	24.484	24.942	25.384	25.865	26.312	26.794	27.241	27.711	28.176	28.623	29.093	29.563
1.275	1.722	2.181	2.674	3.121	3.603	4.062	4.544	5.002	5.496	5.943	6.384	6.854	7.301	7.783	8.265	8.723	9.182	9.646	10.134	10.604	11.051	11.492	11.974	12.417	12.955	13.402	13.895	14.325	14.755	15.236	15.672	16.183	16.636	17.071	17.564	18.011	18.464	18.911	19.381	19.834	20.345	20.815	21.256	21.692	22.162	22.644	23.096	23.561	24.014	24.495	24.966	25.442	25.871	26.324	26.765	27.276	27.775	28.222	28.675	29.145	29.563
2.901	3.388	3.870	4.317	4.782	5.229	5.687	6.140	6.651	7.098	7.591	8.050	8.497	9.217	9.681	10.128	10.587	11.039	11.498	11.997	12.462	12.909	13.367	13.779	14.238	14.749	15.242	15.701	16.148	16.572	17.088	17.547	18.000	18.499	18.911	19.410	19.817	20.322	20.809	21.227	21.721	22.162	22.661	23.108	23.567	24.019	24.478	24.932	25.389	25.877	26.301	26.788	27.247	27.700	28.199	28.658	29.110	29.569
2.286	2.785	3.226	3.685	4.143	4.613	5.072	5.513	6.012	6.454	6.924	7.353	7.812	8.294	8.764	9.252	9.722	10.145	10.616	11.103	11.585	12.044	12.525	12.984	13.431	13.884	14.406	14.871	15.306	15.776	16.194	16.653	17.111	17.541	18.011	18.522	18.992	19.474	19.921	20.403	20.861	21.332	21.755	22.232	22.673	23.131	23.572	24.107	24.571	25.035	25.465	25.906	26.394	26.904	27.375	27.793	28.234	28.675	29.151	29.621
1.786	2.187	2.645	3.127	3.609	4.050	4.486	4.938	5.449	5.919	6.390	6.889	7.330	7.760	8.247	8.700	9.170	9.629	10.099	10.558	11.028	11.510	11.968	12.438	12.909	13.350	13.797	14.255	14.737	15.190	15.649	16.090	16.566	17.030	17.518	17.959	18.418	18.876	19.329	19.799	20.269	20.757	21.216	21.697	22.197	22.626	23.091	23.526	24.037	24.466	24.908	25.325	25.836	26.278	26.748	27.230	27.706	28.147	28.588	29.058	29.540	29.987
2.622	3.643	4.613	5.495	6.482	7.376	8.316	9.222	10.226	11.074	12.014	12.955	13.872	14.771	15.764	16.635	17.593	18.522	19.433	20.344	21.285	22.237	23.142	24.077	25.023	25.923	26.846	27.775	28.715	29.632
1.275	1.751	2.222	2.704	3.174	3.627	4.126	4.602	5.026	5.513	5.966	6.436	6.912	7.324	7.806	8.282	8.752	9.234	9.704	10.145	10.645	11.092	11.573	12.044	12.514	12.961	13.402	13.884	14.325	14.784	15.242	15.701	16.183	16.636	17.135	17.582	18.034	18.464	18.946	19.416	19.863	20.333	20.803	21.245	21.726	22.203	22.644	23.114	23.555	24.025	24.501	24.983	25.436	25.894	26.341	26.794	27.282	27.735	28.176	28.623	29.093	29.575
4.085	4.573	5.031	5.496	5.943	6.436	6.883	7.382	7.783	8.282	8.776	9.193	9.687	10.145	10.604	11.086	11.533	11.991	12.473	12.926	13.385	13.832	14.325	14.772	15.225	15.672	16.142	16.607	17.071	17.553	18.005	18.505	18.963	19.381	19.834	20.322	20.774	21.221	21.726	22.173	22.632	23.085	23.532	24.031	24.495	24.971	25.424	25.924	26.336	26.783	27.247	27.746	28.164	28.611	29.105	29.552
0.178	0.706	1.310	1.728	2.175	2.627	3.115	3.568	4.067	4.520	4.979	5.426	5.907	6.366	6.836	7.335	7.788	8.235	8.700	9.176	9.628	10.127	10.586	11.016	11.509	11.956	12.409	12.908	13.367	13.819	14.295	14.725	15.178	15.660	16.089	16.565	17.018	17.513	17.970	18.427	18.899	19.340	19.799	20.286	20.739	21.238	21.650	22.150	22.597	23.049	23.537	23.955	24.448	24.948	25.366	25.975	26.347	26.770	27.258	27.699	28.146	28.599	29.098	29.516
1.310	1.751	2.198	2.657	3.127	3.632	4.091	4.579	5.031	5.490	5.989	6.442	6.889	7.342	7.800	8.300	8.741	9.217	9.658	10.192	10.610	11.109	11.521	11.968	12.549	12.920	13.338	13.878	14.308	14.801	15.248	15.718	16.171	16.630	17.111	17.582	18.029	18.482	18.940	19.387	19.840	20.339	20.827	21.279	21.721	22.173	22.702	23.131	23.578	24.078	24.501	24.977	25.442	25.860	26.359	26.841	27.282	27.781	28.187	28.687	29.139	29.592
0.956	1.293	1.821	2.286	2.733	3.185	3.673	4.126	4.573	5.066	5.496	5.995	6.436	6.932	7.394	7.841	8.294	8.748	9.205	9.652	10.122	10.604	11.103	11.591	12.015	12.514	12.961	13.425	13.872	14.354	14.813	15.213	15.712	16.171	16.624	17.084	17.564	18.011	18.435	18.963	19.451	19.886	20.316	20.763	21.262	21.715	22.214	22.673	23.131	23.596	24.043	24.536	24.983	25.453	25.906	26.324	26.771	27.311	27.769	28.234	28.681	29.134	29.633
1.339	1.751	2.227	2.721	3.197	3.667	4.137	4.579	5.031	5.502	5.978	6.419	6.912	7.342	7.800	8.259	8.752	9.228	9.669	10.151	10.610	11.057	11.527	12.020	12.421	12.938	13.390	13.832	14.337	14.778	15.231	15.672	16.148	16.612	17.088	17.582	18.011	18.470	18.940	19.422	19.857	20.339	20.827	21.268	21.750	22.191	22.667	23.108	23.561	24.002	24.478	24.919	25.401	25.871	26.359	26.800	27.282	27.717	28.199	28.658	29.122	29.528
2.181	2.669	3.121	3.621	4.108	4.538	5.037	5.507	5.978	6.442	6.901	7.359	7.841	8.311	8.729	9.217	9.687	10.151	10.610	11.080	11.579	12.038	12.502	12.938	13.419	13.861	14.360	14.807	15.300	15.759	16.212	16.688	17.140	17.611	18.052	18.528	18.998	19.451	19.892	20.391	20.861	21.308	21.750	22.197	22.667	23.137	23.590	24.078	24.548	25.012	25.471	25.941	26.388	26.841	27.299	27.769	28.228	28.687	29.157	29.610
0.294	0.736	1.368	1.868	2.268	2.657	3.116	3.574	4.068	4.515	4.985	5.455	5.937	6.395	6.866	7.336	7.794	8.236	8.688	9.159	9.617	10.099	10.569	11.039	11.544	11.957	12.444	12.897	13.350	13.814	14.284	14.766	15.207	15.689	16.107	16.579	17.065	17.495	17.959	18.435	18.917	19.375	19.799	20.269	20.745	21.169	21.674	22.110	22.580	23.038	23.538	24.019	24.426	24.925	25.407	25.860	26.318	26.788	27.247	27.735	28.187	28.646	29.099	29.499	29.958
