0.869	1.287	1.693	2.077	2.448	2.866	3.319	3.702	4.120	4.491	4.944	5.374	5.792	6.163	6.581	6.953	7.406	7.777	8.160	8.578	8.984	9.368	9.786	10.192	10.575	10.993	11.411	11.829	12.200	12.618	13.036	13.454	13.861	14.244	14.650	15.080	15.451	15.869	16.276	16.705	17.111	17.495	17.913	18.284	18.702	19.108	19.526	19.944	20.362	20.734	21.117	21.535	21.941	22.324	22.742	23.160	23.567	23.950	24.356	24.786	25.204	25.622	26.028	26.411	26.829	27.235	27.619	28.037	28.454	28.872	29.279	29.697
1.647	2.512	3.272	4.137	4.944	5.763	6.570	7.359	8.149	8.984	9.728	10.592	11.428	12.189	13.025	13.890	14.679	15.469	16.229	17.094	17.854	18.737	19.509	20.362	21.152	21.988	22.777	23.567	24.385	25.192	26.011	26.846	27.607	28.489	29.232
1.647	3.319	4.898	6.523	8.102	9.774	11.353	12.978	14.604	16.276	17.901	19.480	21.105	22.731	24.310	25.982	27.607	29.232
1.676	2.111	2.529	2.947	3.348	3.766	4.155	4.573	4.944	5.362	5.780	6.198	6.599	7.017	7.406	7.824	8.195	8.613	8.984	9.431	9.820	10.192	10.639	11.028	11.446	11.817	12.264	12.636	13.054	13.443	13.861	14.279	14.650	15.051	15.469	15.858	16.276	16.694	17.140	17.529	17.901	18.319	18.766	19.201	19.602	19.991	20.345	20.780	21.181	21.570	21.970	22.406	22.806	23.224	23.596	24.014	24.356	24.803	25.238	25.639	26.011	26.446	26.846	27.264	27.653	28.054	28.443	28.861	29.279	29.679
1.647	2.111	2.506	2.947	3.319	3.737	4.108	4.526	4.898	5.316	5.734	6.152	6.570	6.941	7.336	7.731	8.149	8.567	8.961	9.356	9.774	10.145	10.563	10.981	11.376	11.817	12.212	12.630	13.025	13.443	13.837	14.255	14.650	15.045	15.463	15.881	16.299	16.694	17.088	17.506	17.901	18.296	18.690	19.085	19.503	19.898	20.316	20.734	21.152	21.546	21.941	22.336	22.731	23.149	23.543	23.961	24.379	24.797	25.192	25.587	26.005	26.399	26.794	27.235	27.630	28.025	28.396	28.814	29.232	29.650
3.748	4.491	5.327	6.163	6.906	7.789	8.578	9.368	10.238	11.039	11.875	13.036	13.861	14.662	15.451	16.612	17.448	18.284	19.166	20.002	20.838	21.616	22.359	23.160	23.950	24.786	25.947	26.817	27.665	28.501	29.290
0.672	1.229	1.693	2.065	2.529	2.901	3.319	3.737	4.108	4.526	4.898	5.316	5.780	6.152	6.523	6.988	7.359	7.824	8.195	8.613	8.984	9.449	9.820	10.238	10.610	11.028	11.446	11.864	12.235	12.653	13.025	13.443	13.861	14.279	14.650	15.068	15.440	15.858	16.322	16.694	17.111	17.529	17.947	18.319	18.737	19.155	19.526	19.944	20.362	20.780	21.152	21.570	21.941	22.406	22.824	23.195	23.567	23.985	24.403	24.820	25.238	25.610	26.028	26.446	26.864	27.282	27.700	28.071	28.489	28.861	29.325	29.697
1.699	2.495	3.278	4.073	4.857	5.687	6.483	7.278	8.108	8.921	9.699	10.511	11.324	12.119	12.932	13.745	14.557	15.370	16.183	17.042	17.808	18.638	19.468	20.264	21.076	21.872	22.684	23.480	24.281	25.140	25.935	26.812	27.653	28.402	29.186
3.319	3.690	4.085	4.503	4.927	5.362	5.757	6.128	6.552	6.976	7.347	7.754	8.178	8.584	8.961	9.379	9.786	10.209	10.616	10.993	11.411	11.806	12.177	12.618	13.036	13.408	13.791	14.267	14.673	15.033	15.428	15.834	16.252	16.659	17.065	17.495	17.895	18.302	18.725	19.097	19.503	19.909	20.333	20.740	21.163	21.506	21.930	22.348	22.754	23.207	23.584	23.973	24.397	24.774	25.163	25.563	26.005	26.399	26.817	27.212	27.595	28.048	28.408	28.814	29.255	29.650
0.932	1.641	2.477	3.289	4.079	4.880	5.727	6.540	7.318	8.177	8.990	9.791	10.569	11.393	12.229	12.984	13.819	14.644	15.422	16.281	17.070	17.883	18.754	19.555	20.367	21.134	21.923	22.759	23.572	24.408	25.244	26.022	26.834	27.635	28.494	29.261
2.541	2.930	3.319	3.743	4.132	4.491	4.944	5.368	5.757	6.175	6.581	6.988	7.371	7.754	8.160	8.555	8.996	9.379	9.809	10.227	10.621	11.039	11.411	11.806	12.247	12.630	13.025	13.431	13.826	14.255	14.697	15.091	15.463	15.869	16.287	16.711	17.117	17.506	17.913	18.354	18.772	19.120	19.526	19.944	20.351	20.757	21.181	21.558	21.941	22.382	22.800	23.230	23.601	23.996	24.403	24.832	25.215	25.598	26.051	26.457	26.852	27.247	27.700	28.071	28.478	28.884	29.290	29.708
1.693	2.100	2.477	2.883	3.290	3.696	4.103	4.480	4.898	5.322	5.728	6.134	6.541	6.941	7.371	7.754	8.137	8.567	8.973	9.385	9.774	10.180	10.587	11.005	11.411	11.817	12.224	12.630	13.036	13.431	13.849	14.244	14.634	15.056	15.463	15.834	16.258	16.665	17.053	17.460	17.866	18.273	18.679	19.085	19.491	19.915	20.339	20.757	21.163	21.587	21.965	22.382	22.777	23.183	23.567	23.973	24.368	24.786	25.192	25.598	25.993	26.411	26.817	27.212	27.630	28.025	28.466	28.884	29.279	29.685
2.495	3.272	4.044	4.886	5.664	6.477	7.295	8.114	8.915	9.733	10.575	11.376	12.166	12.967	13.797	14.604	15.364	16.154	17.013	17.831	18.656	19.491	20.333	21.134	21.906	22.702	23.491	24.321	25.151	25.976	26.835	27.595	28.431	29.255
0.874	1.316	1.704	2.093	2.465	2.867	3.266	3.667	4.073	4.485	4.903	5.304	5.716	6.105	6.523	6.912	7.306	7.765	8.125	8.514	8.943	9.344	9.756	10.162	10.574	11.004	11.393	11.782	12.194	12.542	12.955	13.372	13.785	14.214	14.615	15.027	15.393	15.805	16.223	16.612	17.035	17.465	17.854	18.255	18.672	19.073	19.462	19.886	20.292	20.693	21.105	21.476	21.883	22.283	22.684	23.125	23.526	23.967	24.344	24.744	25.145	25.546	25.946	26.352	26.753	27.183	27.595	28.007	28.402	28.802	29.232	29.603
0.364	1.125	1.676	2.106	2.506	2.914	3.325	3.714	4.114	4.526	4.944	5.333	5.773	6.163	6.564	6.982	7.365	7.794	8.195	8.596	9.014	9.391	9.787	10.192	10.604	11.016	11.434	11.835	12.253	12.653	13.071	13.483	13.884	14.284	14.702	15.110	15.492	15.921	16.305	16.717	17.123	17.553	17.959	18.394	18.795	19.213	19.596	20.026	20.426	20.815	21.204	21.616	21.982	22.353	22.771	23.201	23.613	24.014	24.403	24.844	25.221	25.633	26.050	26.452	26.852	27.264	27.671	28.135	28.524	28.925	29.302	29.743
1.699	2.100	2.495	2.907	3.319	3.748	4.155	4.526	4.927	5.304	5.740	6.134	6.570	6.959	7.377	7.765	8.218	8.590	8.955	9.379	9.780	10.169	10.575	10.958	11.417	11.806	12.206	12.618	13.036	13.425	13.855	14.238	14.685	15.068	15.469	15.869	16.276	16.688	17.117	17.506	17.959	18.360	18.766	19.178	19.579	19.967	20.397	20.774	21.187	21.546	21.947	22.365	22.760	23.149	23.567	23.979	24.385	24.815	25.198	25.604	26.045	26.417	26.846	27.247	27.624	28.066	28.454	28.867	29.267	29.668
0.614	0.875	1.264	1.693	2.135	2.535	2.936	3.336	3.743	4.126	4.544	4.921	5.356	5.745	6.146	6.535	6.964	7.365	7.754	8.183	8.584	8.996	9.385	9.803	10.233	10.616	11.005	11.405	11.823	12.235	12.636	13.054	13.495	13.866	14.284	14.673	15.085	15.503	15.921	16.334	16.746	17.123	17.506	17.883	18.296	18.673	19.114	19.532	19.921	20.345	20.745	21.175	21.575	21.953	22.353	22.754	23.183	23.596	23.996	24.414	24.826	25.244	25.604	26.045	26.475	26.835	27.241	27.665	28.066	28.425	28.843	29.244	29.645
0.881	1.275	1.641	2.053	2.466	2.872	3.284	3.714	4.114	4.515	4.915	5.322	5.734	6.111	6.546	6.941	7.342	7.771	8.154	8.561	8.944	9.385	9.774	10.192	10.592	10.993	11.405	11.771	12.195	12.584	12.984	13.431	13.832	14.261	14.656	15.074	15.445	15.823	16.252	16.676	17.082	17.466	17.854	18.325	18.783	19.236	19.613	19.991	20.426	20.745	21.152	21.552	21.935	22.342	22.742	23.154	23.561	23.973	24.385	24.774	25.204	25.575	26.005	26.434	26.846	27.253	27.653	28.054	28.454	28.884	29.261	29.662
1.664	1.838	2.035	2.227	2.477	2.657	2.848	3.045	3.249	3.463	3.684	3.905	4.108	4.305	4.508	4.694	4.909	5.106	5.315	5.518	5.727	5.925	6.116	6.325	6.563	6.743	6.946	7.179	7.364	7.544	7.753	7.956	8.165	8.357	8.566	8.758	8.943	9.135	9.367	9.588	9.814	9.994	10.209	10.406	10.603	10.784	10.998	11.184	11.387	11.567	11.788	11.985	12.165	12.386	12.577	12.775	13.007	13.187	13.413	13.616	13.848	14.034	14.237	14.435	14.638	14.847	15.044	15.236	15.433	15.648	15.874	16.049	16.258	16.455	16.664	16.867	17.088	17.273	17.517	17.715	17.918	18.098	18.295	18.498	18.684	18.887	19.114	19.294	19.474	19.688	19.897	20.118	20.315	20.565	20.768	21.134	21.308	21.534	21.738	21.947	22.138	22.364	22.544	22.794	22.974	23.177	23.403	23.624	23.816	23.996	24.199	24.408	24.605	24.773	24.994	25.215	25.418	25.604	25.795	25.975	26.184	26.393	26.596	26.834	27.043	27.223	27.415	27.618	27.844	28.024	28.245	28.448	28.634	28.825	29.005	29.255	29.679
1.635	2.077	2.495	2.895	3.301	3.714	4.097	4.491	4.904	5.333	5.734	6.105	6.552	6.935	7.301	7.725	8.096	8.526	8.944	9.344	9.815	10.145	10.563	10.952	11.364	11.794	12.224	12.595	12.967	13.356	13.785	14.174	14.615	15.016	15.445	15.863	16.252	16.676	17.123	17.483	17.907	18.313	18.731	19.103	19.515	19.933	20.275	20.682	21.094	21.535	21.965	22.377	22.783	23.195	23.567	23.973	24.403	25.146	25.593	26.022	26.423	26.806	27.235	27.665	28.054	28.402	28.832	29.203	29.621
0.927	1.682	2.512	3.319	4.132	4.898	5.710	6.570	7.400	8.207	8.967	9.791	10.627	11.399	12.218	13.007	13.849	14.708	15.440	16.287	17.181	17.942	18.720	19.509	20.381	21.158	22.011	22.771	23.578	24.432	25.238	26.051	26.899	27.711	28.408	29.302
0.218	0.869	1.710	2.506	3.330	4.096	4.926	5.739	6.505	7.289	8.206	8.955	9.698	10.569	11.358	12.165	12.989	13.808	14.638	15.387	16.240	17.047	17.808	18.626	19.485	20.280	21.058	21.877	22.736	23.520	24.315	25.128	25.905	26.776	27.589	28.436	29.278
0.184	0.805	1.704	2.506	3.295	4.056	4.915	5.756	6.557	7.306	8.113	8.914	9.797	10.574	11.405	12.165	13.013	13.796	14.644	15.445	16.275	17.076	17.883	18.707	19.503	20.344	21.064	21.952	22.765	23.555	24.367	25.162	26.016	26.782	27.583	28.407	29.197
3.296	3.725	4.103	4.474	4.904	5.316	5.705	6.111	6.494	6.924	7.301	7.702	8.114	8.526	8.944	9.315	9.745	10.186	10.592	10.993	11.434	11.811	12.212	12.595	12.996	13.402	13.843	14.221	14.621	15.062	15.474	15.916	16.281	16.723	17.106	17.471	17.854	18.284	18.696	19.126	19.561	19.956	20.345	20.751	21.146	21.535	21.941	22.365	22.731	23.166	23.543	23.973	24.403	24.815	25.221	25.633	26.022	26.452	26.852	27.264	27.653	28.071	28.443	28.855	29.261	29.703
3.307	3.708	4.108	4.509	4.909	5.316	5.740	6.146	6.546	6.959	7.365	7.765	8.166	8.578	8.990	9.420	9.809	10.157	10.598	11.010	11.428	11.858	12.206	12.595	12.996	13.367	13.785	14.197	14.615	15.068	15.480	15.858	16.310	16.699	17.106	17.506	17.947	18.360	18.760	19.137	19.521	19.898	20.298	20.740	21.140	21.541	21.947	22.359	22.765	23.166	23.578	24.008	24.397	24.797	25.209	25.569	25.987	26.405	26.846	27.235	27.648	28.048	28.460	28.826	29.279	29.639
3.272	3.656	4.056	4.462	4.892	5.322	5.745	6.163	6.564	6.953	7.336	7.754	8.154	8.555	8.932	9.344	9.762	10.151	10.563	10.964	11.394	11.806	12.206	12.601	13.013	13.402	13.803	14.232	14.615	15.045	15.411	15.846	16.235	16.641	17.071	17.483	17.895	18.296	18.714	19.155	19.555	19.956	20.351	20.722	21.111	21.483	21.883	22.353	22.765	23.166	23.543	23.973	24.385	24.774	25.192	25.581	26.005	26.423	26.812	27.241	27.653	28.054	28.454	28.843	29.221
1.682	2.094	2.495	2.936	3.336	3.754	4.114	4.503	4.933	5.356	5.734	6.163	6.575	6.976	7.394	7.812	8.201	8.584	8.996	9.391	9.786	10.186	10.592	11.022	11.423	11.823	12.235	12.694	13.071	13.431	13.866	14.261	14.673	15.074	15.474	15.904	16.281	16.746	17.135	17.506	17.901	18.325	18.766	19.195	19.584	19.985	20.362	20.774	21.175	21.581	21.965	22.382	22.771	23.172	23.596	23.973	24.362	24.815	25.233	25.633	26.045	26.463	26.881	27.264	27.636	28.025	28.472	28.884	29.284	29.691
1.368	1.734	2.129	2.518	2.924	3.325	3.725	4.079	4.468	4.886	5.287	5.705	6.105	6.517	6.895	7.295	7.719	8.137	8.538	8.955	9.356	9.739	10.134	10.546	10.958	11.405	11.777	12.206	12.607	12.984	13.385	13.826	14.209	14.586	15.016	15.416	15.834	16.235	16.618	17.024	17.425	17.854	18.278	18.679	19.097	19.497	19.909	20.316	20.716	21.105	21.494	21.965	22.377	22.789	23.154	23.538	23.967	24.385	24.774	25.146	25.587	25.999	26.399	26.777	27.230	27.624	28.025	28.437	28.814	29.244	29.656
1.682	2.042	2.460	2.878	3.261	3.719	4.097	4.480	4.880	5.281	5.687	6.111	6.552	6.930	7.318	7.742	8.137	8.567	8.950	9.327	9.739	10.157	10.581	10.958	11.382	11.788	12.212	12.607	13.031	13.367	13.820	14.197	14.627	15.027	15.451	15.858	16.241	16.618	17.042	17.460	17.907	18.290	18.748	19.108	19.567	19.909	20.327	20.711	21.152	21.529	21.941	22.359	22.742	23.160	23.538	23.921	24.339	24.797	25.180	25.598	26.028	26.388	26.812	27.189	27.607	28.031	28.420	28.839	29.221	29.662
1.763	2.135	2.553	2.942	3.354	3.754	4.132	4.532	4.956	5.374	5.803	6.204	6.604	7.011	7.411	7.783	8.195	8.601	9.025	9.426	9.832	10.233	10.645	11.034	11.446	11.864	12.305	12.682	13.094	13.472	13.843	14.226	14.621	15.056	15.474	15.904	16.305	16.705	17.135	17.541	17.936	18.365	18.783	19.172	19.561	19.985	20.391	20.821	21.163	21.575	22.005	22.382	22.795	23.253	23.636	24.014	24.455	24.884	25.296	25.685	26.092	26.533	26.904	27.293	27.694	28.095	28.512	28.896	29.314	29.714
1.688	3.307	4.875	5.699	6.506	6.935	7.330	7.736	8.137	8.567	8.967	9.397	9.780	10.175	10.575	10.999	11.405	11.788	12.177	12.595	13.019	13.419	13.826	14.226	14.639	15.045	15.445	15.846	16.258	16.676	17.106	17.506	17.918	18.319	18.685	19.108	19.538	19.944	20.357	20.745	21.128	21.529	21.906	22.348	22.719	23.149	23.567	23.967	24.408	24.797	25.186	25.587	25.999	26.405	26.806	27.206	27.624	28.025	28.425	28.808	29.209	29.610
1.722	2.506	3.301	4.143	4.962	5.792	6.581	7.377	8.172	9.014	9.815	10.633	11.434	12.212	13.042	13.843	14.662	15.486	16.281	17.135	17.924	18.772	19.544	20.362	21.152	21.976	22.812	23.636	24.443	25.256	26.034	26.823	27.671	28.466	29.284
0.881	1.275	1.676	2.111	2.495	2.936	3.301	3.731	4.114	4.515	4.904	5.322	5.722	6.134	6.541	6.976	7.365	7.794	8.154	8.584	9.025	9.385	9.791	10.204	10.616	11.005	11.423	11.835	12.235	12.642	13.002	13.414	13.791	14.232	14.673	15.062	15.474	15.846	16.264	16.665	17.082	17.495	17.872	18.331	18.685	19.132	19.544	19.944	20.374	20.763	21.152	21.564	21.976	22.371	22.783	23.195	23.584	23.961	24.403	24.815	25.215	25.593	26.011	26.423	26.835	27.276	27.653	28.066	28.466	28.843	29.261	29.714
6.587	8.166	9.768	11.469	13.060	14.685	16.276	17.936	19.555	21.105	22.806	24.408	26.028	27.659	29.296
0.149	0.898	1.699	2.488	3.324	4.114	4.909	5.704	6.488	7.393	8.154	9.019	9.785	10.615	11.405	12.264	12.984	13.866	14.626	15.457	16.229	17.088	17.848	18.864	19.474	20.484	21.128	21.923	22.753	23.578	24.326	25.203	26.004	26.863	27.624	28.425	29.284
1.757	2.129	2.547	2.965	3.348	3.766	4.178	4.567	4.938	5.397	5.786	6.187	6.575	6.988	7.406	7.789	8.253	8.659	9.048	9.437	9.855	10.256	10.645	11.045	11.399	11.846	12.235	12.688	13.065	13.489	13.907	14.319	14.708	15.080	15.509	15.927	16.299	16.717	17.129	17.518	17.924	18.348	18.720	19.149	19.567	19.985	20.397	20.786	21.158	21.599	22.017	22.470	22.789	23.218	23.648	24.066	24.437	24.815	25.238	25.656	26.045	26.469	26.846	27.317	27.717	28.106	28.489	28.907	29.319	29.749
0.701	1.316	1.734	2.146	2.535	2.901	3.325	3.743	4.143	4.515	4.933	5.356	5.815	6.187	6.535	6.953	7.377	7.742	8.201	8.596	8.996	9.426	9.791	10.204	10.621	11.034	11.452	11.846	12.212	12.636	13.042	13.431	13.843	14.261	14.685	15.103	15.486	15.933	16.322	16.705	17.123	17.535	17.924	18.371	18.743	19.132	19.544	19.962	20.426	20.809	21.181	21.564	21.982	22.406	22.795	23.183	23.596	24.014	24.432	24.815	25.262	25.674	26.045	26.463	26.846	27.264	27.682	28.096	28.466	28.925	29.296	29.674
0.968	1.310	1.670	2.117	2.529	2.942	3.301	3.748	4.161	4.561	4.921	5.368	5.780	6.192	6.587	6.999	7.411	7.812	8.218	8.630	8.979	9.449	9.832	10.198	10.610	10.999	11.428	11.858	12.258	12.700	13.077	13.478	13.890	14.261	14.668	15.080	15.527	15.939	16.299	16.699	17.111	17.518	17.918	18.331	18.731	19.137	19.550	19.979	20.339	20.798	21.227	21.639	22.011	22.417	22.829	23.230	23.642	24.048	24.408	24.809	25.221	25.622	25.999	26.440	26.841	27.247	27.659	28.112	28.507	28.919	29.331	29.732
1.717	2.500	3.307	4.091	4.927	5.728	6.558	7.359	8.201	8.967	9.809	10.621	11.417	12.200	13.031	13.837	14.668	15.480	16.310	17.088	17.907	18.748	19.509	20.339	21.088	21.982	22.742	23.590	24.437	25.250	26.051	26.870	27.659	28.518	29.319
0.445	0.858	1.293	1.664	2.082	2.477	2.854	3.307	3.685	4.085	4.474	4.863	5.275	5.722	6.117	6.523	6.935	7.336	7.765	8.166	8.526	8.915	9.315	9.745	10.134	10.558	10.993	11.417	11.794	12.195	12.613	12.973	13.373	13.727	14.163	14.586	15.016	15.416	15.834	16.247	16.636	17.024	17.442	17.866	18.267	18.667	19.103	19.526	19.933	20.357	20.798	21.233	21.546	21.994	22.406	22.824	23.166	23.526	23.932	24.356	24.745	25.186	25.604	26.045	26.417	26.806	27.212	27.636	28.025	28.466	28.855	29.215	29.656
