0.950	1.392	1.833	2.297	2.762	3.203	3.690	4.108	4.596	5.060	5.525	6.012	6.454	6.895	7.382	7.824	8.265	8.799	9.193	9.681	10.122	10.563	11.074	11.515	12.050	12.491	12.932	13.419	13.861	14.302	14.766	15.184	15.672	16.136	16.577	17.019	17.529	17.971	18.435	18.923	19.341	19.875	20.316	20.780	21.221	21.663	22.127	22.591	23.079	23.543	24.031	24.449	24.913	25.378	25.842	26.330	26.794	27.235	27.677	28.164	28.605	29.070	29.534	29.999
0.956	1.833	2.767	3.690	4.671	5.548	6.483	7.411	8.340	9.269	10.145	11.080	12.050	12.938	13.814	14.749	15.770	16.607	17.535	18.458	19.439	20.316	21.204	22.127	23.062	23.990	24.919	25.848	26.771	27.706	28.629	29.563
1.885	2.767	3.696	4.625	5.554	6.483	7.365	8.340	9.269	10.198	11.034	12.009	12.938	13.866	14.795	15.678	16.607	17.576	18.511	19.439	20.322	21.245	22.086	23.015	23.990	24.919	25.848	26.730	27.659	28.588	29.557
1.815	2.326	2.790	3.208	3.719	4.183	4.648	5.112	5.576	6.041	6.505	6.970	7.434	7.898	8.363	8.827	9.338	9.756	10.220	10.685	11.149	11.614	12.078	12.542	13.007	13.471	13.982	14.446	14.911	15.422	15.840	16.304	16.768	17.279	17.790	18.301	18.765	19.230	19.694	20.205	20.669	21.180	21.691	22.202	22.620	23.084	23.595	24.013	24.477	24.988	25.453	25.871	26.335	26.753	27.264	27.728	28.193	28.703	29.122	29.586
0.921	1.415	1.897	2.315	2.779	3.197	3.661	4.126	4.619	5.055	5.519	5.983	6.448	6.941	7.406	7.841	8.305	8.799	9.234	9.699	10.163	10.610	11.045	11.510	11.974	12.467	12.932	13.396	13.861	14.296	14.743	15.207	15.643	16.107	16.572	17.036	17.547	17.994	18.458	18.923	19.358	19.822	20.316	20.751	21.245	21.680	22.144	22.638	23.102	23.538	24.002	24.466	24.931	25.395	25.842	26.307	26.771	27.206	27.671	28.135	28.600	29.064	29.528
0.672	1.415	2.297	3.168	4.108	5.037	6.001	6.941	7.777	8.752	9.669	10.610	11.539	12.467	13.396	14.279	15.207	16.125	17.065	17.994	18.876	19.898	20.827	21.709	22.591	23.474	24.403	25.331	26.260	27.189	28.106	29.000	29.883
0.347	0.625	0.904	1.183	1.444	1.676	1.879	2.111	2.390	2.622	2.837	3.069	3.272	3.487	3.719	3.923	4.184	4.416	4.648	4.880	5.084	5.316	5.548	5.780	6.012	6.245	6.477	6.709	6.941	7.173	7.406	7.638	7.870	8.102	8.334	8.567	8.799	9.031	9.263	9.495	9.728	9.960	10.192	10.407	10.610	10.888	11.121	11.335	11.568	11.817	12.050	12.282	12.514	12.746	12.978	13.210	13.425	13.657	13.907	14.139	14.325	14.557	14.789	15.022	15.254	15.486	15.718	15.950	16.183	16.415	16.647	16.879	17.111	17.344	17.576	17.808	18.023	18.273	18.487	18.720	18.923	19.184	19.387	19.619	19.851	20.113	20.316	20.548	20.780	21.012	21.245	21.477	21.692	21.924	22.173	22.359	22.620	22.870	23.102	23.334	23.567	23.781	24.031	24.246	24.449	24.681	24.913	25.146	25.378	25.610	25.842	26.074	26.289	26.521	26.754	27.003	27.235	27.468	27.700	27.932	28.164	28.379	28.611	28.861	29.046	29.308	29.540	29.743	29.975
5.571	6.442	7.347	8.346	9.286	10.134	11.051	12.003	12.932	13.861	14.766	15.672	16.566	17.518	18.423	19.410	20.316	21.245	22.127	23.033	23.938	24.937	25.819	26.759	27.630	28.582	29.499
1.844	2.262	2.727	3.203	3.667	4.132	4.561	5.060	5.525	6.001	6.465	6.953	7.371	7.858	8.288	8.810	9.298	9.704	10.111	10.610	10.993	11.527	11.991	12.491	12.978	13.454	13.884	14.290	14.743	15.173	15.683	16.149	16.647	17.088	17.506	18.017	18.493	18.981	19.445	19.921	20.386	20.873	21.314	21.721	22.173	22.638	23.102	23.532	23.961	24.449	24.960	25.366	25.842	26.341	26.783	27.247	27.700	28.199	28.617	29.058	29.499	29.999
0.979	1.508	1.931	2.820	3.714	4.666	5.571	6.448	7.382	8.323	9.228	10.134	11.028	12.026	12.967	13.855	14.731	15.695	16.601	17.512	18.464	19.399	20.322	21.198	22.168	23.056	24.043	24.902	25.825	26.759	27.665	28.570	29.511
1.902	2.320	2.773	3.249	3.731	4.201	4.654	5.072	5.542	6.477	6.947	7.406	7.905	8.358	8.822	9.275	9.745	10.180	10.633	11.132	11.608	12.061	12.543	12.978	13.419	13.855	14.337	14.853	15.277	15.718	16.171	16.636	17.077	17.558	18.029	18.557	18.992	19.416	19.904	20.327	20.780	21.245	21.715	22.168	22.620	23.091	23.555	24.008	24.484	24.948	25.418	25.889	26.307	26.823	27.247	27.758	28.211	28.652	29.076	29.546	29.999
0.962	1.415	1.844	2.320	2.785	3.249	3.725	4.155	4.631	5.095	5.548	6.036	6.454	6.930	7.382	7.847	8.334	8.787	9.252	9.728	10.180	10.633	11.098	11.550	12.015	12.502	12.955	13.431	13.849	14.313	14.766	15.219	15.695	16.148	16.624	17.100	17.553	18.005	18.470	18.923	19.364	19.851	20.316	20.780	21.221	21.697	22.127	22.615	23.079	23.555	24.019	24.472	24.925	25.413	25.877	26.365	26.806	27.270	27.723	28.211	28.629	29.093	29.569
1.868	2.326	2.796	3.226	3.708	4.166	4.625	5.095	5.560	6.030	6.448	6.930	7.388	7.864	8.300	8.776	9.269	9.704	10.157	10.639	11.098	11.585	12.050	12.508	12.967	13.396	13.878	14.319	14.778	15.277	15.718	16.165	16.659	17.106	17.576	18.030	18.476	18.946	19.404	19.898	20.304	20.786	21.239	21.686	22.139	22.597	23.044	23.526	24.008	24.478	24.925	25.395	25.860	26.318	26.777	27.235	27.706	28.187	28.605	29.070	29.534
1.815	2.315	2.756	3.174	3.632	4.085	4.544	5.031	5.496	5.954	6.395	6.866	7.313	7.736	8.224	8.735	9.182	9.675	10.116	10.621	11.051	11.475	11.951	12.392	12.862	13.332	13.791	14.255	14.726	15.161	15.602	16.061	16.514	17.001	17.471	17.913	18.365	18.801	19.253	19.683	20.235	20.693	21.134	21.604	22.063	22.545	22.986	23.456	23.903	24.345	24.803	25.244	25.703	26.162	26.603	27.113	27.555	28.037	28.495	28.983	29.465	29.946
0.236	0.596	0.956	1.392	1.856	2.344	2.785	3.243	3.714	4.172	4.654	5.095	5.542	5.995	6.465	6.964	7.435	7.877	8.334	8.845	9.292	9.762	10.221	10.621	11.092	11.573	12.038	12.525	12.955	13.414	13.872	14.331	14.801	15.254	15.712	16.183	16.636	17.135	17.582	18.052	18.516	18.963	19.416	19.904	20.374	20.803	21.274	21.715	22.185	22.615	23.073	23.572	24.043	24.495	24.954	25.401	25.865	26.312	26.771	27.253	27.752	28.205	28.646	29.122	29.563
0.875	1.363	1.804	2.262	2.715	3.185	3.632	4.103	4.544	4.985	5.513	5.966	6.436	6.895	7.336	7.794	8.236	8.752	9.223	9.675	10.105	10.534	10.993	11.492	11.974	12.444	12.891	13.396	13.832	14.273	14.731	15.155	15.631	16.142	16.612	17.065	17.506	17.965	18.452	18.853	19.352	19.817	20.287	20.734	21.192	21.645	22.092	22.562	23.033	23.503	23.956	24.397	24.896	25.343	25.784	26.254	26.701	27.154	27.624	28.112	28.576	29.064	29.517
0.532	0.991	1.844	2.355	2.785	3.255	3.772	4.201	4.654	5.113	5.623	6.065	6.512	6.982	7.423	7.882	8.363	8.822	9.275	9.733	10.204	10.645	11.092	11.573	12.055	12.531	12.973	13.414	13.901	14.342	14.836	15.265	15.736	16.194	16.653	17.111	17.553	18.034	18.493	18.963	19.416	19.875	20.357	20.803	21.262	21.715	22.173	22.661	23.114	23.561	24.031	24.484	24.942	25.424	25.883	26.341	26.823	27.293	27.752	28.193	28.646	29.105	29.575
0.881	1.339	1.827	2.262	2.721	3.139	3.621	4.091	4.549	5.020	5.507	5.989	6.442	6.901	7.382	7.812	8.282	8.758	9.217	9.699	10.169	10.662	11.109	11.527	12.009	12.520	12.938	13.408	13.849	14.308	14.720	15.190	15.608	16.119	16.577	17.048	17.471	18.017	18.482	18.917	19.387	19.851	20.287	20.751	21.198	21.657	22.139	22.597	23.050	23.509	24.008	24.461	24.948	25.401	25.848	26.341	26.812	27.230	27.648	28.089	28.570	29.070	29.540	29.987
0.892	1.363	1.844	2.297	2.744	3.214	3.667	4.126	4.584	5.043	5.525	5.995	6.425	6.906	7.394	7.847	8.317	8.776	9.217	9.704	10.157	10.592	11.057	11.492	12.015	12.473	12.932	13.367	13.843	14.284	14.737	15.196	15.695	16.154	16.624	17.048	17.524	17.982	18.464	18.917	19.416	19.886	20.333	20.786	21.245	21.697	22.144	22.574	23.073	23.526	24.002	24.443	24.925	25.355	25.807	26.283	26.777	27.212	27.653	28.112	28.576	29.035	29.517	29.946
1.008	1.397	1.844	2.315	2.767	3.209	3.679	4.166	4.648	5.089	5.548	5.995	6.448	6.889	7.417	7.876	8.334	8.857	9.286	9.716	10.169	10.604	11.098	11.579	12.050	12.549	12.996	13.425	13.878	14.337	14.807	15.289	15.724	16.206	16.647	17.077	17.518	18.046	18.505	18.946	19.399	19.886	20.345	20.815	21.268	21.674	22.127	22.574	23.038	23.555	23.985	24.437	24.886	25.378	25.819	26.295	26.794	27.235	27.677	28.095	28.588	29.105	29.546
0.962	1.450	1.850	2.309	2.820	3.307	3.737	4.201	4.637	5.072	5.600	6.070	6.529	6.959	7.400	7.847	8.288	8.781	9.257	9.728	10.180	10.650	11.109	11.539	12.061	12.491	12.978	13.460	13.872	14.360	14.789	15.231	15.707	16.200	16.641	17.117	17.558	18.011	18.482	18.957	19.399	19.892	20.368	20.838	21.262	21.732	22.179	22.649	23.102	23.619	24.089	24.490	24.931	25.337	25.848	26.370	26.812	27.288	27.729	28.182	28.617	29.139	29.540
0.463	0.950	1.415	1.850	2.303	2.744	3.203	3.685	4.161	4.654	5.089	5.531	6.012	6.459	6.912	7.365	7.853	8.311	8.851	9.310	9.733	10.175	10.621	11.103	11.573	12.050	12.531	12.961	13.402	13.872	14.319	14.824	15.294	15.741	16.241	16.723	17.111	17.529	18.034	18.511	18.952	19.410	19.880	20.322	20.763	21.233	21.680	22.121	22.620	23.085	23.555	24.043	24.472	24.913	25.360	25.825	26.301	26.742	27.212	27.694	28.141	28.611	29.052	29.523
0.236	0.596	0.956	1.362	1.826	2.297	2.691	3.173	3.725	4.166	4.677	5.106	5.576	6.006	6.465	6.952	7.382	7.846	8.363	8.821	9.274	9.715	10.215	10.633	11.091	11.561	12.014	12.525	12.966	13.425	13.866	14.313	14.795	15.242	15.735	16.223	16.664	17.093	17.564	18.022	18.585	18.934	19.352	19.834	20.315	20.733	21.203	21.645	22.132	22.544	23.015	23.473	23.967	24.472	24.872	25.325	25.784	26.323	26.741	27.183	27.653	28.146	28.593	29.063	29.505
1.844	2.326	2.796	3.255	3.725	4.184	4.642	5.084	5.565	6.036	6.483	6.964	7.423	7.893	8.375	8.857	9.304	9.762	10.163	10.633	11.086	11.544	12.026	12.496	12.943	13.396	13.872	14.337	14.795	15.254	15.712	16.177	16.647	17.082	17.535	17.994	18.423	18.905	19.404	19.857	20.293	20.757	21.227	21.697	22.133	22.632	23.085	23.555	24.002	24.466	24.925	25.424	25.854	26.312	26.783	27.264	27.735	28.153	28.623	29.093	29.534
1.890	2.813	3.771	4.624	5.542	6.470	7.405	8.351	9.263	10.191	11.050	12.084	13.094	14.081	15.021	15.880	16.780	17.749	18.701	19.630	20.472	21.389	22.364	23.125	23.943	24.942	25.070	25.824	26.765	27.699	28.674	29.464
0.974	1.455	1.897	2.332	2.773	3.203	3.685	4.172	4.642	5.095	5.577	6.024	6.483	6.947	7.382	7.824	8.294	8.816	9.333	9.762	10.192	10.662	11.132	11.614	12.067	12.555	13.002	13.454	13.895	14.325	14.807	15.242	15.736	16.183	16.647	17.111	17.553	18.023	18.516	18.975	19.433	19.915	20.362	20.815	21.245	21.715	22.185	22.644	23.073	23.485	23.967	24.466	24.937	25.413	25.877	26.312	26.783	27.195	27.642	28.164	28.646	29.052	29.523
0.956	1.299	1.786	2.233	2.744	3.238	3.685	4.149	4.637	5.084	5.618	6.076	6.523	6.947	7.353	7.847	8.305	8.834	9.304	9.809	10.227	10.674	11.098	11.585	12.055	12.514	13.048	13.454	13.878	14.325	14.784	15.213	15.718	16.165	16.624	17.088	17.576	17.994	18.447	18.894	19.358	19.846	20.264	20.757	21.204	21.668	22.115	22.568	23.028	23.526	23.979	24.455	24.948	25.349	25.836	26.307	26.835	27.259	27.665	28.123	28.576	29.035	29.488	29.975
0.956	1.351	1.792	2.257	2.721	3.133	3.586	4.085	4.544	5.002	5.461	5.943	6.425	6.895	7.365	7.841	8.253	8.671	9.112	9.571	10.064	10.523	10.976	11.423	11.893	12.421	12.822	13.303	13.762	14.284	14.702	15.161	15.654	16.101	16.583	17.001	17.483	17.942	18.394	18.876	19.323	19.782	20.223	20.693	21.152	21.645	22.086	22.545	23.015	23.485	23.956	24.403	24.896	25.355	25.813	26.283	26.736	27.195	27.636	28.083	28.553	29.035	29.546	29.975
0.945	1.392	1.856	2.286	2.773	3.232	3.656	4.103	4.555	5.014	5.461	5.931	6.425	6.871	7.336	7.783	8.241	8.735	9.182	9.646	10.093	10.581	11.005	11.446	11.945	12.392	12.926	13.344	13.791	14.215	14.702	15.196	15.654	16.142	16.607	17.065	17.512	17.965	18.423	18.841	19.312	19.805	20.333	20.786	21.204	21.651	22.121	22.615	23.073	23.485	23.973	24.432	24.902	25.395	25.871	26.283	26.742	27.195	27.653	28.071	28.605	29.064	29.552
0.991	1.223	1.473	1.693	1.943	2.175	2.425	2.651	2.854	3.092	3.301	3.534	3.772	4.015	4.224	4.445	4.666	4.875	5.095	5.316	5.554	5.803	6.065	6.314	6.552	6.761	6.982	7.202	7.423	7.661	7.916	8.131	8.381	8.625	8.874	9.112	9.385	9.606	9.855	10.076	10.354	10.592	10.854	11.103	11.353	11.585	11.835	12.084	12.322	12.572	12.804	13.025	13.251	13.472	13.704	13.942	14.163	14.406	14.633	14.871	15.126	15.335	15.556	15.805	16.026	16.264	16.496	16.746	17.013	17.286	17.553	17.802	18.052	18.296	18.534	18.783	19.004	19.242	19.474	19.712	19.956	20.206	20.461	20.716	20.966	21.233	21.483	21.755	22.005	22.255	22.481	22.754	22.963	23.201	23.456	23.723	23.996	24.263	24.524	24.751	24.995	25.233	25.465	25.703	25.964	26.202	26.434	26.701	26.992	27.276	27.514	27.752	28.002	28.251	28.501	28.733	28.971	29.215	29.505	29.795
0.945	1.374	1.856	2.303	2.767	3.214	3.667	4.126	4.613	5.078	5.525	5.995	6.465	6.883	7.318	7.835	8.294	8.735	9.228	9.658	10.105	10.517	10.987	11.475	12.003	12.508	12.955	13.385	13.814	14.255	14.685	15.184	15.707	16.165	16.607	17.024	17.466	18.005	18.464	18.905	19.389	19.863	20.327	20.757	21.204	21.697	22.115	22.586	23.067	23.509	23.938	24.408	24.879	25.337	25.807	26.225	26.713	27.183	27.653	28.147	28.629	29.076	29.528
1.821	2.262	2.773	3.191	3.632	4.103	4.602	5.095	5.565	6.012	6.465	6.935	7.835	8.323	8.805	9.344	9.762	10.233	10.621	11.121	11.562	12.044	12.525	12.996	13.454	13.855	14.331	14.766	15.265	15.695	16.165	16.653	17.106	17.576	18.034	18.516	18.963	19.422	19.863	20.362	20.763	21.233	21.726	22.156	22.626	23.096	23.572	24.072	24.472	24.931	25.372	25.883	26.312	26.806	27.224	27.711	28.153	28.681	29.122	29.523	29.964
0.596	0.974	1.426	1.891	2.355	2.802	3.261	3.725	4.201	4.712	5.136	5.554	6.012	6.506	6.964	7.406	7.876	8.323	8.834	9.275	9.716	10.186	10.645	11.121	11.544	12.055	12.531	13.025	13.466	13.913	14.383	14.842	15.271	15.712	16.154	16.641	17.111	17.576	18.046	18.493	18.952	19.404	19.863	20.374	20.792	21.233	21.703	22.162	22.626	23.096	23.543	24.043	24.472	24.954	25.413	25.883	26.312	26.771	27.235	27.694	28.182	28.611	29.041	29.534
3.789	4.619	5.496	6.448	7.307	8.289	9.199	10.145	11.086	12.038	12.949	13.837	14.749	15.759	16.636	17.535	18.447	19.399	20.339	21.245	22.139	23.085	23.996	24.925	25.807	26.724	27.706	28.617	29.528
3.627	4.602	5.513	6.425	7.324	8.236	9.182	10.122	11.034	12.015	12.926	13.826	14.714	15.683	16.636	17.495	18.406	19.393	20.293	21.187	22.075	23.062	23.996	24.873	25.825	26.783	27.682	28.646	29.534
0.921	1.455	1.873	2.332	2.762	3.226	3.673	4.143	4.642	5.095	5.542	6.001	6.454	6.953	7.406	7.905	8.311	8.816	9.263	9.722	10.215	10.621	11.086	11.533	12.032	12.523	13.013	13.431	13.895	14.342	14.795	15.254	15.730	16.183	16.653	17.071	17.564	18.011	18.516	18.975	19.451	19.921	20.374	20.821	21.233	21.726	22.173	22.626	23.073	23.532	23.985	24.432	24.931	25.395	25.842	26.341	26.823	27.253	27.706	28.176	28.630	29.122	29.575
0.956	1.455	1.902	2.355	2.785	3.284	3.731	4.219	4.625	5.124	5.571	6.036	6.483	6.935	7.435	7.882	8.311	8.816	9.263	9.716	10.175	10.627	11.092	11.626	12.044	12.531	12.984	13.425	13.925	14.342	14.795	15.242	15.741	16.171	16.636	17.094	17.541	18.046	18.493	18.952	19.422	19.904	20.357	20.792	21.262	21.732	22.185	22.603	23.102	23.561	24.043	24.466	24.925	25.384	25.871	26.324	26.794	27.276	27.735	28.176	28.675	29.093	29.575
1.008	1.438	1.879	2.320	2.802	3.278	3.719	4.161	4.671	5.159	5.589	6.041	6.517	6.999	7.440	7.882	8.358	8.839	9.281	9.722	10.157	10.680	11.121	11.597	12.067	12.502	13.019	13.460	13.901	14.348	14.778	15.231	15.741	16.188	16.699	17.152	17.582	18.029	18.511	18.952	19.457	19.938	20.391	20.827	21.291	21.732	22.208	22.649	23.131	23.607	24.072	24.507	24.948	25.430	25.889	26.370	26.812	27.270	27.752	28.187	28.617	29.157	29.592
1.421	1.897	2.367	2.791	3.261	3.708	4.172	4.648	5.118	5.589	6.070	6.500	6.959	7.400	7.841	8.311	8.810	9.310	9.757	10.198	10.650	11.121	11.591	12.038	12.531	12.978	13.431	13.890	14.371	14.807	15.312	15.747	16.217	16.682	17.117	17.558	18.040	18.499	18.969	19.422	19.921	20.391	20.827	21.279	21.750	22.191	22.632	23.079	23.578	24.031	24.501	24.948	25.442	25.889	26.341	26.800	27.270	27.729	28.222	28.640	29.122	29.581
0.260	2.808	3.650	4.567	5.478	6.419	7.342	9.292	10.180	11.057	11.997	13.837	15.678	16.612	17.500	18.429	19.387	20.258	21.187	23.027	24.937	26.701	29.511
