0.793	1.153	1.490	1.815	2.186	2.593	2.964	3.301	3.707	4.044	4.404	4.741	5.147	5.472	5.809	6.134	6.598	6.958	7.341	7.666	8.084	8.456	8.781	9.106	9.512	9.849	10.255	10.592	10.917	11.277	11.614	11.973	12.345	12.670	13.007	13.378	13.750	14.121	14.493	14.864	15.236	15.596	15.933	16.258	16.676	16.989	17.372	17.697	18.069	18.382	18.719	19.044	19.450	19.787	20.112	20.518	20.902	21.273	21.645	22.016	22.388	22.748	23.084	23.491	23.827	24.152	24.466	24.849	25.267	25.592	25.905	26.277	26.660	27.032	27.403	27.775	28.146	28.506	28.889	29.168	29.539	29.864
2.164	3.046	3.743	4.439	5.182	5.879	6.668	7.365	8.108	8.805	9.083	9.548	10.244	10.941	11.591	12.375	13.077	13.820	14.517	15.260	15.910	16.653	17.303	18.046	18.743	19.439	20.182	20.925	21.622	22.365	23.108	23.805	24.501	25.198	25.941	26.730	27.427	28.123	28.820	29.517
2.965	3.737	4.497	5.194	5.890	6.663	7.377	8.149	8.863	9.559	10.256	10.952	11.724	12.392	13.135	13.832	14.557	15.271	15.968	16.647	17.390	18.058	18.801	19.497	20.223	20.890	21.663	22.377	23.073	23.799	24.559	25.285	25.999	26.678	27.421	28.118	28.832	29.528
1.490	1.861	2.233	2.604	3.005	3.347	3.701	4.090	4.462	4.787	5.158	5.513	5.855	6.227	6.598	6.999	7.341	7.713	8.084	8.456	8.781	9.152	9.524	9.895	10.267	10.592	10.992	11.335	11.689	12.078	12.449	12.804	13.146	13.518	13.843	14.214	14.539	14.864	15.236	15.561	15.962	16.287	16.658	17.001	17.355	17.680	18.069	18.440	18.794	19.137	19.491	19.834	20.205	20.559	20.902	21.302	21.645	22.016	22.388	22.742	23.131	23.438	23.810	24.152	24.553	24.924	25.267	25.639	25.993	26.335	26.707	27.032	27.403	27.757	28.100	28.500	28.843	29.168	29.539	29.893
2.204	2.622	2.994	3.342	3.690	4.062	4.433	4.805	5.176	5.502	5.873	6.221	6.593	6.988	7.359	7.731	8.079	8.450	8.799	9.147	9.495	9.844	10.238	10.563	10.935	11.283	11.632	11.957	12.328	12.676	13.025	13.350	13.721	14.093	14.441	14.813	15.161	15.532	15.858	16.206	16.577	16.972	17.320	17.669	18.017	18.412	18.760	19.108	19.457	19.805	20.177	20.502	20.873	21.221	21.593	21.918	22.313	22.684	23.056	23.427	23.776	24.124	24.472	24.820	25.192	25.540	25.889	26.237	26.608	26.957	27.328	27.700	28.048	28.396	28.768	29.093	29.465	29.836
2.947	4.015	5.409	6.477	7.591	8.706	9.867	10.888	12.003	13.025	14.139	15.115	16.183	17.204	18.133	19.108	20.084	21.198	22.173	23.102	24.217	25.192	26.307	27.282	28.211	29.325
1.461	2.158	2.854	3.597	4.387	5.130	5.815	6.523	7.359	8.102	8.752	9.495	10.192	10.935	11.632	12.328	13.025	13.721	14.418	15.207	15.904	16.601	17.344	18.040	18.737	19.433	20.177	20.920	21.616	22.348	23.056	23.799	24.495	25.238	25.935	26.632	27.328	28.071	28.814	29.511
5.971	9.210	10.929	12.333	13.738	15.178	16.617	18.034	19.462	20.913	22.335	23.769	25.197	26.648	28.100	29.476
4.445	4.782	5.136	5.571	5.966	6.419	6.779	7.185	7.638	8.044	8.404	8.793	9.170	9.553	9.855	10.180	10.558	10.964	11.324	11.666	12.038	12.421	12.734	13.071	13.466	13.826	14.151	14.511	14.882	15.265	15.602	15.950	16.276	16.636	16.961	17.320	17.634	18.011	18.354	18.725	19.085	19.468	19.805	20.200	20.542	20.931	21.279	21.639	21.965	22.336	22.719	23.091	23.462	23.857	24.199	24.542	24.913	25.262	25.575	25.935	26.260	26.620	26.992	27.340	27.711	28.071	28.431	28.779	29.139	29.511	29.859
3.115	4.566	6.052	7.759	9.443	10.975	12.368	13.785	15.236	16.664	18.057	19.346	20.902	22.399	23.793	25.255	26.695	28.146	29.551
3.783	4.468	5.165	5.879	6.663	7.313	8.032	8.787	9.472	10.192	10.865	11.608	12.328	13.036	13.756	14.534	15.242	15.892	16.577	17.332	17.971	18.679	19.457	20.223	20.989	21.709	22.394	23.102	23.752	24.461	25.273	25.993	26.724	27.409	28.141	28.849	29.569
3.005	3.702	4.422	4.793	5.153	5.548	5.908	6.279	6.651	6.999	7.371	7.731	8.125	8.450	8.834	9.170	9.530	9.890	10.262	10.610	10.935	11.295	11.655	12.015	12.363	12.723	13.094	13.454	13.814	14.151	14.499	14.871	15.219	15.567	15.927	16.299	16.670	17.019	17.378	17.715	18.075	18.458	18.818	19.155	19.503	19.828	20.188	20.548	20.896	21.279	21.628	21.999	22.371	22.754	23.114	23.474	23.834	24.194	24.530	24.890	25.238	25.575	25.924	26.283	26.643	27.003	27.375	27.735	28.095	28.443	28.803	29.128	29.499	29.859
1.496	2.239	2.988	3.696	4.457	5.194	5.838	6.587	7.359	8.096	8.787	9.478	10.169	10.906	11.649	12.328	13.025	13.739	14.464	15.236	15.956	16.624	17.315	18.029	18.737	19.457	20.165	20.949	21.645	22.359	23.067	23.764	24.484	25.204	25.877	26.637	27.357	28.054	28.774	29.488
1.486	2.216	2.912	3.656	4.393	5.142	5.856	6.593	7.342	8.073	8.793	9.472	10.192	10.923	11.626	12.334	13.071	13.745	14.534	15.213	15.921	16.636	17.344	18.011	18.714	19.416	20.124	20.832	21.575	22.301	23.015	23.706	24.414	25.175	25.865	26.591	27.264	28.002	28.692	29.372
0.225	0.701	1.183	1.856	2.274	2.994	3.743	4.462	5.165	5.896	6.604	7.394	8.073	8.892	9.565	10.221	10.923	11.655	12.363	13.073	13.832	14.522	15.196	15.863	16.612	17.344	17.976	18.661	19.451	20.166	20.931	21.657	22.411	23.096	23.776	24.536	25.233	25.953	26.684	27.404	28.141	28.832	29.575
2.843	3.261	3.685	4.015	4.364	4.753	5.124	5.472	5.856	6.221	6.610	6.941	7.313	7.632	7.992	8.363	8.741	9.095	9.484	9.820	10.180	10.540	10.923	11.266	11.603	11.974	12.322	12.694	13.025	13.390	13.785	14.104	14.464	14.801	15.213	15.532	15.840	16.223	16.595	16.961	17.320	17.675	18.040	18.371	18.725	19.074	19.445	19.782	20.136	20.496	20.902	21.245	21.610	21.970	22.371	22.731	23.091	23.433	23.781	24.136	24.501	24.861	25.215	25.552	25.894	26.231	26.603	26.974	27.311	27.706	28.071	28.425	28.791	29.122	29.534	29.865
0.213	0.602	1.142	1.543	2.181	2.895	3.661	4.393	5.113	5.821	6.465	7.353	8.102	8.816	9.484	10.186	10.894	11.585	12.351	13.042	13.791	14.534	15.254	15.945	16.665	17.326	18.023	18.714	19.433	20.142	20.914	21.622	22.353	23.073	23.805	24.472	25.233	25.924	26.655	27.351	28.112	28.832	29.534
0.724	1.484	2.204	2.976	3.685	4.416	5.124	5.914	6.645	7.342	8.114	8.822	9.501	10.233	10.976	11.666	12.363	13.042	13.785	14.505	15.283	15.904	16.624	17.326	18.075	18.795	19.474	20.142	20.896	21.622	22.406	23.073	23.781	24.501	25.233	25.935	26.695	27.386	28.106	28.785	29.511
0.735	1.385	2.117	2.947	3.655	4.340	5.089	5.780	6.488	7.277	8.020	8.746	9.460	10.168	10.876	11.590	12.270	13.007	13.738	14.470	15.189	15.880	16.548	17.256	18.011	18.678	19.415	20.135	20.896	21.610	22.359	23.049	23.729	24.460	25.145	25.888	26.608	27.357	28.065	28.750	29.406
2.106	2.918	3.679	4.428	5.107	5.850	6.506	7.347	8.149	8.805	9.495	10.186	10.970	11.655	12.340	12.978	13.745	14.499	15.294	15.887	16.607	17.338	18.017	18.720	19.439	20.159	20.879	21.628	22.348	23.067	23.787	24.478	25.238	25.906	26.626	27.415	28.106	28.878	29.557
1.467	2.169	2.947	3.719	4.422	5.200	5.978	6.639	7.371	8.189	8.857	9.588	10.291	10.999	11.649	12.398	13.112	13.837	14.580	15.260	15.939	16.717	17.419	18.052	18.777	19.480	20.269	20.920	21.697	22.441	23.137	23.810	24.530	25.267	25.970	26.701	27.409	28.141	28.808	29.540
0.677	1.397	2.169	2.999	3.678	4.444	5.164	5.965	6.848	7.637	8.456	9.286	10.098	10.905	11.579	12.316	12.995	13.744	14.464	15.218	15.828	16.617	17.326	18.005	18.678	19.439	20.159	20.936	21.627	22.364	23.084	23.775	24.454	25.209	25.917	26.654	27.368	28.065	28.796	29.505
1.490	2.193	2.971	3.621	4.335	5.089	5.844	6.564	7.330	8.032	8.770	9.472	10.209	10.941	11.655	12.351	13.054	13.774	14.441	15.022	15.724	16.595	17.320	18.092	18.720	19.474	20.200	20.931	21.622	22.342	23.091	23.793	24.530	25.192	25.883	26.574	27.351	28.112	28.779	29.499
8.114	8.485	8.822	9.141	9.484	9.826	10.192	10.523	10.894	11.243	11.632	12.015	12.363	12.694	13.042	13.402	13.785	14.145	14.493	14.865	15.254	15.614	15.956	16.305	16.653	17.001	17.361	17.663	18.005	18.371	18.766	19.114	19.451	19.805	20.153	20.525	20.873	21.245	21.575	21.924	22.313	22.696	23.062	23.433	23.793	24.165	24.484	24.844	25.215	25.546	25.912	26.243	26.614	26.992	27.351	27.711	28.066	28.431	28.791	29.151	29.511	29.865
8.862	9.524	10.232	10.923	11.631	12.293	12.984	13.750	14.522	15.271	15.892	16.565	17.314	17.941	18.672	19.305	20.124	20.855	21.592	22.335	23.090	23.775	24.472	25.151	25.934	26.683	27.374	28.164	28.843	29.574
3.731	4.393	4.735	5.136	5.525	5.861	6.233	6.616	6.993	7.336	7.696	8.073	8.433	8.776	9.141	9.513	9.855	10.221	10.563	10.923	11.272	11.614	11.962	12.346	12.682	13.013	13.361	13.762	14.122	14.464	14.824	15.196	15.521	15.881	16.252	16.607	16.966	17.326	17.616	18.005	18.383	18.725	19.085	19.422	19.782	20.165	20.554	20.885	21.245	21.622	21.953	22.353	22.713	23.062	23.404	23.735	24.107	24.484	24.844	25.215	25.593	25.976	26.301	26.643	27.015	27.375	27.711	28.095	28.443	28.803	29.105	29.465	29.813
4.364	5.176	5.844	6.622	7.382	8.015	8.793	9.501	10.215	10.923	11.626	12.363	13.065	13.791	14.522	15.236	15.945	16.676	17.332	18.005	18.702	19.503	20.211	20.943	21.616	22.353	23.073	23.793	24.501	25.256	25.993	26.701	27.386	28.106	28.832	29.534
1.454	2.081	2.830	3.741	4.513	5.204	6.040	6.702	7.422	8.211	8.983	9.674	10.463	11.253	12.042	12.861	13.673	14.475	15.223	16.053	16.802	17.644	18.474	19.322	20.152	20.924	21.649	22.393	23.101	23.803	24.471	25.214	25.922	26.659	27.414	28.081	28.825	29.550
2.193	3.005	3.702	4.422	5.142	5.861	7.986	8.781	9.501	10.221	10.912	11.632	12.334	13.083	13.814	14.505	15.254	15.904	16.694	17.344	18.063	18.743	19.474	20.194	20.943	21.663	22.382	23.102	23.822	24.484	25.233	25.953	26.672	27.433	28.112	28.832	29.511
2.268	3.040	3.777	4.445	5.200	5.885	6.628	7.406	8.096	8.845	9.536	10.279	10.958	11.637	12.398	13.065	13.785	14.540	15.225	15.939	16.699	17.390	18.075	18.777	19.515	20.206	20.966	21.680	22.406	23.120	23.840	24.530	25.285	26.016	26.707	27.456	28.158	28.867	29.575
2.895	3.644	4.410	5.101	5.502	5.861	6.221	6.593	6.964	7.330	7.702	8.015	8.375	8.741	9.095	9.484	9.855	10.204	10.563	10.900	11.243	11.591	11.933	12.305	12.665	13.025	13.373	13.733	14.110	14.493	14.853	15.190	15.550	15.904	16.235	16.624	16.990	17.320	17.680	18.034	18.394	18.754	19.074	19.451	19.822	20.182	20.525	20.890	21.250	21.622	21.970	22.365	22.702	23.085	23.445	23.793	24.124	24.490	24.861	25.180	25.575	25.883	26.254	26.643	27.021	27.363	27.735	28.071	28.443	28.785	29.145	29.494	29.824
2.976	3.708	4.468	5.165	5.937	6.674	7.388	8.178	8.845	9.536	10.279	10.964	11.666	12.334	13.048	13.779	14.505	15.236	15.997	16.705	17.407	18.058	18.795	19.497	20.206	20.908	21.657	22.377	23.120	23.805	24.495	25.244	25.935	26.649	27.369	28.106	28.808	29.528
2.204	2.994	3.714	4.404	5.182	5.902	6.657	7.377	8.102	8.816	9.507	10.233	10.964	11.713	12.433	13.112	13.803	14.517	15.242	15.956	16.653	17.367	18.116	18.836	19.503	20.206	20.925	21.663	22.382	23.125	23.822	24.536	25.233	25.935	26.684	27.415	28.112	28.838	29.534
6.355	7.744	9.153	10.581	12.102	13.611	15.115	16.525	18.075	19.462	20.931	22.394	23.776	25.256	26.614	28.106	29.546
0.718	1.426	1.786	2.163	2.587	2.964	3.225	3.643	4.027	4.398	4.746	5.118	5.507	5.838	6.227	6.604	6.946	7.359	7.666	8.113	8.415	8.787	9.135	9.506	9.814	10.197	10.493	10.853	11.248	11.608	11.898	12.287	12.635	12.978	13.355	13.669	14.104	14.423	14.818	15.195	15.538	15.915	16.217	16.606	16.925	17.256	17.558	17.976	18.318	18.667	18.998	19.386	19.787	20.135	20.553	20.925	21.273	21.668	22.005	22.359	22.695	23.026	23.369	23.717	24.135	24.506	24.855	25.197	25.563	25.917	26.289	26.666	27.008	27.368	27.746	28.088	28.454	28.785	29.104	29.499	29.893
2.257	3.023	3.731	4.422	5.176	5.943	6.645	7.394	8.114	8.805	9.484	10.233	10.952	11.643	12.334	13.054	13.774	14.482	15.202	15.921	16.694	17.373	18.052	18.772	19.474	20.165	20.873	21.645	22.365	23.114	23.752	24.513	25.204	25.953	26.643	27.363	28.083	28.843	29.511
2.257	3.011	3.731	4.404	5.153	5.954	6.645	7.365	8.125	8.845	9.536	10.256	10.935	11.655	12.346	13.065	13.785	14.534	15.283	15.962	16.653	17.402	18.092	18.750	19.462	20.182	20.902	21.674	22.394	23.102	23.793	24.501	25.250	25.935	26.684	27.404	28.123	28.814	29.546
2.268	3.000	3.708	4.439	5.142	5.902	6.581	7.359	8.079	8.770	9.501	10.169	10.987	11.637	12.351	13.077	13.820	14.569	15.271	15.962	16.630	17.361	18.110	18.847	19.491	20.217	20.972	21.709	22.411	23.137	23.880	24.577	25.250	25.987	26.690	27.398	28.158	28.832	29.569
2.291	3.069	3.760	4.509	5.182	5.908	6.697	7.400	8.160	8.897	9.571	10.320	10.987	11.707	12.409	13.129	13.820	14.540	15.318	16.008	16.728	17.431	18.122	18.806	19.521	20.211	20.949	21.680	22.417	23.120	23.840	24.559	25.291	25.982	26.678	27.421	28.141	28.838	29.569
0.178	0.788	1.479	2.297	2.930	3.597	4.288	5.037	5.740	6.407	7.197	7.980	8.677	9.431	10.198	10.929	11.597	12.380	13.042	13.762	14.447	15.167	15.852	16.572	17.291	17.982	18.627	19.381	20.089	20.850	21.558	22.278	23.038	23.729	24.432	25.180	25.900	26.597	27.317	28.089	28.739
