1.328	1.699	2.024	2.349	2.674	3.000	3.325	3.650	4.015	4.341	4.671	5.043	5.455	5.832	6.204	6.575	6.947	7.365	7.829	8.294	8.712	9.124	9.594	9.965	10.291	10.662	11.028	11.359	11.637	11.962	12.287	12.613	12.938	13.309	13.634	13.959	14.284	14.656	14.981	15.306	15.678	16.003	16.328	16.607	16.931	17.303	17.628	17.953	18.278	18.650	18.975	19.346	19.671	20.043	20.368	20.647	20.972	21.297	21.668	21.947	22.313	22.644	22.969	23.294	23.619	23.985	24.316	24.641	24.966	25.291	25.616	25.982	26.312	26.637	26.963	27.282	27.607	27.938	28.263	28.588	28.954	29.279	29.563	29.935
1.972	2.367	2.669	3.017	3.319	3.667	4.039	4.341	4.689	5.060	5.432	5.710	6.012	6.337	6.663	7.011	7.336	7.684	8.009	8.334	8.636	8.984	9.310	9.635	10.006	10.331	10.633	11.005	11.306	11.655	12.003	12.305	12.700	13.025	13.303	13.675	13.977	14.371	14.650	14.975	15.323	15.649	15.997	16.322	16.647	16.995	17.320	17.669	17.947	18.296	18.621	18.946	19.341	19.642	19.967	20.339	20.664	20.966	21.337	21.616	21.965	22.266	22.638	22.986	23.288	23.683	24.008	24.356	24.635	24.960	25.308	25.656	26.028	26.330	26.632	26.980	27.259	27.653	27.978	28.257	28.652	29.023	29.302	29.697	29.975
1.356	2.001	2.657	3.307	4.003	4.648	5.350	5.954	6.645	7.254	7.951	8.641	9.297	9.988	10.644	11.341	11.991	12.641	13.291	13.988	14.679	15.335	15.985	16.676	17.285	18.022	18.678	19.282	19.973	20.629	21.320	21.976	22.626	23.322	23.972	24.663	25.319	25.969	26.619	27.270	27.966	28.657	29.313	29.963
1.693	2.019	2.373	2.669	3.040	3.365	3.737	4.015	4.370	4.712	5.084	5.409	5.763	6.105	6.477	6.802	7.173	7.527	7.870	8.288	8.659	9.031	9.385	9.681	10.006	10.331	10.656	10.981	11.306	11.632	11.986	12.328	12.653	12.932	13.303	13.657	14.000	14.325	14.679	15.022	15.347	15.701	16.026	16.351	16.694	17.019	17.373	17.669	18.023	18.365	18.720	19.044	19.387	19.712	20.084	20.409	20.763	21.059	21.337	21.663	21.988	22.295	22.620	22.992	23.288	23.659	23.985	24.310	24.635	24.960	25.331	25.656	25.982	26.307	26.632	26.986	27.311	27.607	27.961	28.303	28.658	28.954	29.279	29.633	29.975
2.651	2.994	3.365	3.690	4.044	4.370	4.741	5.037	5.409	5.716	6.059	6.430	6.755	7.080	7.452	7.824	8.241	8.596	8.938	9.339	9.681	10.006	10.360	10.703	11.010	11.335	11.678	12.003	12.328	12.682	13.007	13.303	13.657	14.000	14.325	14.650	14.975	15.347	15.672	16.026	16.351	16.676	17.001	17.344	17.669	17.976	18.302	18.627	18.969	19.294	19.602	19.973	20.298	20.641	20.995	21.337	21.663	21.988	22.313	22.638	22.963	23.288	23.613	23.938	24.292	24.635	24.960	25.285	25.610	25.964	26.307	26.614	26.939	27.282	27.607	27.932	28.257	28.611	28.954	29.279	29.633
2.436	3.203	4.039	4.735	5.571	6.407	7.243	8.102	8.984	9.820	10.587	11.376	12.166	12.978	13.721	14.557	15.393	16.229	17.088	17.924	18.830	19.735	20.734	21.570	22.475	23.381	24.287	25.238	26.144	27.050	28.025	28.838	29.813
0.579	1.392	1.995	2.344	2.645	2.994	3.342	3.667	3.969	4.341	4.666	5.014	5.409	5.734	6.059	6.407	6.802	7.173	7.591	7.940	8.311	8.659	8.984	9.310	9.658	9.983	10.331	10.656	10.981	11.306	11.655	11.980	12.328	12.653	12.978	13.280	13.628	13.954	14.302	14.650	14.975	15.300	15.625	15.927	16.276	16.601	16.949	17.297	17.622	17.947	18.296	18.644	18.969	19.294	19.642	19.967	20.316	20.641	20.966	21.291	21.593	21.965	22.290	22.638	22.986	23.311	23.636	23.938	24.263	24.611	24.937	25.285	25.610	25.958	26.307	26.608	26.957	27.282	27.584	27.955	28.280	28.629	28.977	29.279	29.627	29.929
2.669	4.015	5.281	6.639	7.951	9.310	10.645	11.980	13.292	14.650	15.974	17.320	18.632	20.026	21.303	22.661	23.996	25.308	26.678	27.990	29.302
4.027	4.341	4.689	5.026	5.385	5.699	6.024	6.372	6.744	7.046	7.417	7.742	8.125	8.462	8.799	9.124	9.472	9.774	10.134	10.494	10.900	11.295	11.643	12.015	12.305	12.642	12.967	13.280	13.628	13.965	14.279	14.627	14.964	15.300	15.625	15.962	16.276	16.624	16.949	17.297	17.622	17.982	18.307	18.656	18.981	19.341	19.654	20.014	20.339	20.652	20.966	21.314	21.593	21.941	22.243	22.626	22.905	23.265	23.613	23.961	24.275	24.623	24.925	25.296	25.587	25.947	26.248	26.620	26.922	27.259	27.607	27.978	28.280	28.652	28.954	29.314	29.627	29.941
2.657	4.015	5.513	6.825	8.125	9.501	10.111	10.645	11.341	11.986	12.642	13.315	13.988	14.639	15.329	15.968	16.624	17.332	18.000	18.690	19.329	19.938	20.623	21.268	21.953	22.655	23.329	23.985	24.623	25.314	25.987	26.643	27.328	27.938	28.658	29.267	29.952
1.414	1.699	2.041	2.355	2.662	3.022	3.353	3.678	4.009	4.334	4.682	4.996	5.304	5.634	5.948	6.261	6.557	6.865	7.242	7.585	7.945	8.322	8.636	8.996	9.321	9.652	10.011	10.354	10.650	11.010	11.370	11.695	12.043	12.386	12.711	12.978	13.309	13.680	14.023	14.336	14.650	14.980	15.288	15.584	15.886	16.211	16.542	16.896	17.227	17.558	17.854	18.214	18.556	18.916	19.276	19.601	19.961	20.321	20.652	21.006	21.354	21.668	22.028	22.335	22.695	23.009	23.369	23.682	24.007	24.350	24.681	24.994	25.337	25.668	25.977	26.352	26.683	27.026	27.322	27.635	27.937	28.309	28.698	29.023	29.365	29.679	29.981
0.846	1.345	1.972	2.622	2.994	3.330	3.656	3.981	4.341	4.654	5.002	5.316	5.652	5.966	6.314	6.628	6.964	7.324	7.638	7.963	8.311	8.659	8.984	9.310	9.635	9.948	10.308	10.645	10.970	11.295	11.643	11.968	12.293	12.642	12.967	13.292	13.628	13.965	14.279	14.639	14.987	15.323	15.672	15.985	16.322	16.636	16.972	17.332	17.657	18.017	18.342	18.667	19.004	19.306	19.642	19.967	20.293	20.606	20.954	21.291	21.628	21.965	22.301	22.638	22.951	23.276	23.625	23.950	24.263	24.611	24.948	25.296	25.622	25.947	26.295	26.620	26.968	27.282	27.619	27.955	28.269	28.629	28.930	29.290	29.604	29.941
1.984	2.326	2.645	2.994	3.325	3.644	3.986	4.323	4.666	4.973	5.293	5.652	6.007	6.326	6.663	6.993	7.342	7.655	7.992	8.323	8.677	8.996	9.344	9.675	9.983	10.314	10.656	10.964	11.306	11.632	11.986	12.293	12.636	12.932	13.303	13.634	13.977	14.273	14.633	14.987	15.353	15.666	15.985	16.345	16.705	17.013	17.367	17.663	18.017	18.325	18.673	18.963	19.306	19.642	19.944	20.275	20.612	20.937	21.256	21.564	21.965	22.272	22.626	22.963	23.294	23.625	23.944	24.304	24.635	24.971	25.314	25.662	25.993	26.266	26.603	26.963	27.305	27.613	27.955	28.274	28.617	28.925	29.273	29.604	29.935
2.013	2.384	2.802	3.116	3.371	3.656	3.946	4.224	4.486	4.776	5.055	5.385	5.705	6.012	6.343	6.692	7.034	7.382	7.725	8.056	8.404	8.706	9.025	9.321	9.675	10.006	10.314	10.645	10.941	11.254	11.556	11.835	12.166	12.525	12.885	13.216	13.541	13.872	14.192	14.534	14.882	15.202	15.532	15.834	16.142	16.485	16.815	17.135	17.454	17.814	18.145	18.505	18.836	19.143	19.451	19.782	20.113	20.426	20.722	21.053	21.396	21.732	22.034	22.342	22.661	22.974	23.265	23.584	23.915	24.211	24.513	24.826	25.122	25.413	25.691	25.993	26.272	26.591	26.881	27.183	27.485	27.793	28.095	28.396	28.704	29.006	29.296	29.592	29.894
0.254	0.625	0.985	1.345	1.653	1.955	2.326	2.674	3.023	3.338	3.661	3.992	4.335	4.666	5.026	5.333	5.676	5.976	6.332	6.633	6.982	7.314	7.655	7.951	8.305	8.665	8.996	9.321	9.675	9.995	10.325	10.674	11.016	11.341	11.672	12.015	12.322	12.676	13.002	13.321	13.692	13.983	14.342	14.662	15.022	15.335	15.643	15.985	16.293	16.653	16.972	17.291	17.663	17.994	18.342	18.632	19.004	19.323	19.671	19.973	20.316	20.641	21.041	21.332	21.645	22.005	22.295	22.655	22.963	23.323	23.636	24.002	24.345	24.675	25.024	25.343	25.685	25.993	26.312	26.675	26.992	27.334	27.706	28.037	28.332	28.681	29.006	29.325	29.662
2.634	3.005	3.325	3.673	4.015	4.335	4.677	4.996	5.293	5.623	5.943	6.245	6.604	6.964	7.307	7.603	7.945	8.294	8.648	8.955	9.286	9.617	9.954	10.296	10.627	10.964	11.295	11.614	11.962	12.287	12.636	12.955	13.286	13.623	13.954	14.284	14.615	14.975	15.318	15.614	15.933	16.276	16.566	16.873	17.262	17.616	17.913	18.255	18.632	18.975	19.306	19.637	19.967	20.287	20.618	20.914	21.245	21.552	21.883	22.214	22.557	22.905	23.247	23.596	23.915	24.234	24.582	24.925	25.244	25.616	25.947	26.266	26.603	26.928	27.235	27.555	27.897	28.245	28.588	28.925	29.267	29.604	29.917
0.202	0.672	1.014	1.386	1.734	2.065	2.384	2.721	3.075	3.423	3.731	4.021	4.346	4.671	4.996	5.345	5.681	6.001	6.326	6.663	7.005	7.324	7.655	7.974	8.311	8.642	8.984	9.321	9.664	9.995	10.331	10.645	10.952	11.312	11.632	11.962	12.293	12.624	12.943	13.321	13.634	14.012	14.313	14.662	14.981	15.323	15.683	16.026	16.351	16.682	17.001	17.332	17.645	18.005	18.336	18.685	19.004	19.312	19.671	19.991	20.316	20.676	20.995	21.332	21.651	22.005	22.336	22.661	22.986	23.346	23.665	24.014	24.333	24.652	24.995	25.325	25.645	25.993	26.324	26.666	27.003	27.346	27.653	27.984	28.286	28.646	28.983	29.331	29.674	29.993
0.590	0.910	1.299	1.641	1.960	2.291	2.587	2.959	3.278	3.621	3.957	4.288	4.637	4.927	5.229	5.600	5.931	6.262	6.570	6.959	7.278	7.597	7.911	8.247	8.567	8.897	9.240	9.588	9.919	10.250	10.569	10.918	11.260	11.597	11.922	12.258	12.601	12.938	13.280	13.611	13.942	14.267	14.580	14.929	15.289	15.631	15.939	16.258	16.572	16.891	17.251	17.640	17.942	18.267	18.598	18.917	19.207	19.637	19.950	20.281	20.600	20.931	21.262	21.599	21.941	22.249	22.609	22.922	23.259	23.590	23.927	24.269	24.600	24.931	25.320	25.639	25.947	26.237	26.579	26.922	27.270	27.572	27.932	28.269	28.600	28.942	29.279	29.581	29.888
1.345	1.641	1.955	2.286	2.616	2.965	3.301	3.632	3.975	4.294	4.637	4.956	5.264	5.612	5.937	6.256	6.564	6.935	7.266	7.591	7.916	8.241	8.584	8.915	9.223	9.582	9.925	10.273	10.645	10.976	11.306	11.614	11.957	12.282	12.613	12.932	13.274	13.617	13.942	14.284	14.627	14.952	15.283	15.573	15.892	16.252	16.607	16.914	17.262	17.582	17.913	18.244	18.586	18.894	19.236	19.561	19.927	20.235	20.571	20.914	21.285	21.593	21.953	22.266	22.603	22.922	23.265	23.584	23.956	24.252	24.611	24.925	25.302	25.633	25.947	26.243	26.614	26.974	27.293	27.624	27.984	28.292	28.594	28.925	29.302	29.615
1.345	1.682	1.984	2.303	2.651	3.005	3.354	3.673	3.986	4.323	4.642	4.985	5.316	5.635	5.966	6.291	6.657	7.005	7.324	7.632	7.945	8.305	8.642	8.961	9.286	9.606	9.913	10.302	10.656	10.981	11.295	11.626	11.974	12.334	12.636	12.932	13.292	13.634	13.942	14.284	14.604	14.952	15.271	15.614	15.956	16.305	16.665	17.001	17.355	17.663	17.965	18.296	18.644	18.975	19.294	19.613	19.962	20.304	20.583	20.954	21.274	21.604	21.982	22.295	22.615	22.963	23.282	23.642	23.973	24.316	24.646	24.983	25.302	25.622	25.964	26.307	26.632	26.963	27.276	27.636	27.973	28.303	28.605	28.942	29.284	29.621	29.964
0.741	1.351	2.019	2.727	3.348	4.021	4.712	5.287	5.960	6.587	7.289	7.980	8.648	9.350	10.012	10.650	11.301	12.009	12.682	13.338	13.959	14.668	15.341	15.962	16.659	17.320	18.017	18.650	19.317	20.020	20.682	21.349	22.011	22.678	23.300	24.008	24.629	25.308	25.987	26.661	27.317	27.978	28.681	29.337
1.972	2.593	3.371	4.004	4.666	5.281	5.954	6.593	7.324	7.951	8.596	9.275	9.965	10.633	11.283	11.922	12.642	13.280	13.942	14.633	15.294	15.916	16.601	17.274	17.942	18.621	19.253	19.944	20.641	21.274	21.941	22.615	23.265	23.921	24.600	25.285	25.953	26.603	27.241	27.961	28.640	29.302	29.941
0.236	0.636	0.967	1.304	1.658	1.977	2.273	2.604	2.918	3.283	3.614	3.957	4.288	4.706	4.996	5.344	5.663	5.994	6.337	6.668	6.987	7.335	7.643	7.986	8.328	8.653	8.996	9.286	9.617	9.913	10.296	10.627	10.934	11.283	11.585	11.927	12.275	12.595	12.943	13.245	13.552	13.907	14.237	14.603	14.934	15.277	15.625	15.967	16.333	16.693	17.024	17.355	17.686	18.005	18.353	18.626	18.963	19.294	19.607	19.944	20.298	20.605	20.936	21.256	21.575	21.906	22.225	22.585	22.927	23.287	23.607	23.903	24.263	24.623	24.953	25.325	25.586	25.923	26.265	26.567	26.997	27.258	27.595	27.943	28.303	28.593	28.895	29.267	29.615	29.957
2.338	2.657	2.988	3.307	3.650	3.975	4.306	4.648	4.950	5.287	5.629	5.948	6.279	6.610	6.959	7.295	7.597	7.916	8.288	8.625	8.967	9.286	9.646	9.977	10.308	10.639	10.958	11.295	11.637	11.928	12.270	12.636	12.978	13.286	13.617	13.948	14.267	14.598	14.969	15.300	15.660	15.979	16.316	16.595	16.955	17.315	17.645	17.959	18.290	18.650	18.957	19.259	19.590	19.950	20.269	20.629	20.966	21.297	21.604	21.930	22.249	22.568	22.905	23.259	23.578	23.915	24.246	24.577	24.896	25.250	25.587	25.935	26.289	26.597	26.945	27.276	27.619	27.955	28.280	28.588	28.925	29.296	29.615	29.935
2.715	3.029	3.319	3.638	3.957	4.294	4.677	4.985	5.327	5.664	6.024	6.378	6.697	7.046	7.417	7.765	8.125	8.474	8.845	9.205	9.588	9.936	10.273	10.616	10.923	11.254	11.626	11.968	12.276	12.618	12.967	13.303	13.605	13.948	14.313	14.644	14.975	15.323	15.649	15.956	16.305	16.659	16.978	17.315	17.645	17.976	18.319	18.644	19.015	19.346	19.689	20.037	20.374	20.658	20.966	21.297	21.604	21.965	22.295	22.615	22.934	23.247	23.584	23.927	24.287	24.617	24.948	25.273	25.633	25.964	26.307	26.614	26.933	27.276	27.636	27.955	28.274	28.594	28.925	29.284
1.386	1.995	2.297	2.628	3.005	3.325	3.685	3.986	4.335	4.666	5.026	5.397	5.728	6.633	7.005	7.916	8.334	8.717	9.315	9.658	9.977	10.308	10.645	10.999	11.324	11.655	11.945	12.299	12.636	12.967	13.303	13.657	13.977	14.313	14.644	14.964	15.318	15.637	16.008	16.334	16.659	17.019	17.344	17.675	17.976	18.325	18.685	19.027	19.433	19.985	20.304	20.606	20.949	21.297	21.634	21.976	22.284	22.597	22.928	23.259	23.625	23.979	24.304	24.617	24.948	25.285	25.616	25.935	26.295	26.626	26.933	27.264	27.607	27.944	28.286	28.646	28.977	29.308	29.639	29.964
2.053	2.662	3.342	3.992	4.601	5.205	6.076	6.726	7.475	8.044	8.636	9.315	9.953	10.644	11.312	11.997	12.676	13.314	13.953	14.673	15.282	15.927	16.734	17.384	18.144	18.754	19.503	20.344	21.256	21.964	22.614	23.316	23.996	24.646	25.302	25.987	26.637	27.276	27.955	28.715	29.313	29.963
2.024	2.344	2.663	3.023	3.371	3.702	4.044	4.404	4.793	5.176	5.606	5.995	6.395	6.796	7.185	7.574	7.951	8.323	8.694	9.112	9.501	9.896	10.262	10.645	10.993	11.376	11.742	12.212	12.613	13.036	13.483	13.925	14.313	14.714	15.103	15.573	15.991	16.427	16.833	17.233	17.622	18.034	18.435	18.836	19.236	19.631	20.066	20.513	20.896	21.314	21.686	22.185	22.562	22.986	23.363	23.781	24.234	24.664	25.082	25.505	25.976	26.446	26.922	27.311	27.665	28.037	28.362	28.721	29.186	29.592
2.663	3.011	3.354	3.656	3.992	4.335	4.654	4.956	5.264	5.635	5.983	6.285	6.581	6.964	7.301	7.574	7.916	8.253	8.596	8.944	9.286	9.635	9.971	10.314	10.621	10.964	11.306	11.603	11.945	12.293	12.636	12.932	13.315	13.611	13.965	14.302	14.604	14.946	15.294	15.602	15.904	16.241	16.554	16.856	17.274	17.616	17.913	18.226	18.603	18.946	19.283	19.625	19.962	20.264	20.623	20.966	21.285	21.622	21.982	22.255	22.632	22.992	23.294	23.636	23.973	24.304	24.664	24.931	25.302	25.645	25.982	26.324	26.626	26.963	27.346	27.653	27.996	28.292	28.634	28.971	29.284	29.621	29.923
2.036	2.402	2.744	3.081	3.406	3.714	4.021	4.393	4.741	5.124	5.525	5.856	6.245	6.616	7.022	7.411	7.742	8.131	8.474	8.874	9.333	9.722	10.093	10.401	10.714	11.051	11.405	11.684	12.032	12.404	12.752	13.054	13.373	13.704	14.052	14.354	14.691	15.045	15.382	15.712	16.003	16.363	16.676	17.001	17.332	17.686	17.994	18.354	18.696	19.044	19.375	19.712	20.043	20.374	20.716	21.041	21.372	21.726	22.046	22.371	22.713	23.021	23.346	23.683	24.025	24.373	24.733	25.041	25.355	25.703	26.034	26.394	26.713	27.055	27.386	27.711	28.042	28.373	28.733	29.064	29.395	29.714
2.007	2.616	2.959	3.290	3.609	3.946	4.300	4.637	4.956	5.240	5.536	5.867	6.216	6.517	6.860	7.197	7.527	7.876	8.247	8.607	8.955	9.286	9.606	9.948	10.250	10.587	10.929	11.277	11.620	11.957	12.287	12.595	12.955	13.298	13.599	13.925	14.255	14.598	14.906	15.248	15.585	15.927	16.247	16.618	16.937	17.268	17.616	17.976	18.267	18.609	18.946	19.265	19.608	19.956	20.310	20.635	20.978	21.268	21.575	21.918	22.249	22.586	22.945	23.288	23.619	23.938	24.269	24.606	24.977	25.320	25.627	25.958	26.318	26.585	26.928	27.247	27.595	27.909	28.216	28.565	28.936	29.255	29.598	29.888
2.657	3.325	4.015	4.677	5.275	5.966	6.604	7.295	7.928	8.613	9.298	9.977	10.633	11.324	11.986	12.636	13.298	13.954	14.644	15.306	15.933	16.595	17.297	17.936	18.656	19.335	20.008	20.635	21.337	21.988	22.678	23.317	24.008	24.658	25.308	25.993	26.655	27.276	27.984	28.634	29.325	29.987
0.567	1.357	1.734	2.036	2.367	2.669	3.017	3.313	3.667	4.004	4.346	4.718	5.066	5.368	5.734	6.094	6.494	6.935	7.318	7.638	7.998	8.334	8.688	8.996	9.339	9.664	10.006	10.349	10.656	10.987	11.295	11.626	11.968	12.293	12.636	12.955	13.303	13.634	13.965	14.308	14.644	14.975	15.289	15.637	15.956	16.305	16.636	16.966	17.326	17.663	18.017	18.354	18.685	19.004	19.358	19.677	20.026	20.327	20.658	20.995	21.314	21.645	21.959	22.295	22.644	22.974	23.317	23.625	23.985	24.298	24.658	24.977	25.325	25.645	25.987	26.318	26.614	26.974	27.305	27.624	27.926	28.286	28.594	28.965	29.296	29.639
2.668	3.362	4.038	4.677	5.315	5.977	6.645	7.364	8.055	8.700	9.355	9.959	10.650	11.318	12.008	12.676	13.314	13.976	14.650	15.335	15.979	16.617	17.308	17.976	18.667	19.340	20.060	20.669	21.308	21.947	22.649	23.276	23.955	24.599	25.279	26.039	26.648	27.316	27.955	28.640	29.307	29.946
1.995	2.662	3.307	3.963	4.682	5.327	5.965	6.604	7.277	7.887	8.607	9.245	9.965	10.656	11.323	11.968	12.653	13.297	13.976	14.615	15.253	15.892	16.554	17.326	17.964	18.643	19.294	19.915	20.664	21.302	21.993	22.637	23.305	23.996	24.663	25.325	26.033	26.637	27.276	27.966	28.715	29.325	29.946
0.683	1.351	2.042	2.384	2.733	3.052	3.383	3.690	4.021	4.352	4.695	5.043	5.385	5.734	6.053	6.372	6.715	7.022	7.411	7.765	8.089	8.404	8.694	9.014	9.350	9.652	9.995	10.302	10.685	11.022	11.370	11.661	12.015	12.334	12.653	12.961	13.303	13.634	13.971	14.290	14.633	14.975	15.300	15.625	15.962	16.264	16.601	16.931	17.222	17.605	17.942	18.296	18.632	19.015	19.323	19.666	20.014	20.333	20.652	20.995	21.291	21.634	21.970	22.272	22.615	22.963	23.305	23.613	23.990	24.292	24.635	24.971	25.355	25.685	25.976	26.353	26.661	27.015	27.320	27.653	27.996	28.303	28.652	28.971	29.325	29.662	29.941
1.995	2.338	2.669	3.017	3.354	3.667	4.015	4.306	4.666	4.996	5.333	5.658	5.995	6.337	6.668	7.017	7.353	7.696	8.044	8.358	8.654	8.996	9.339	9.658	9.995	10.337	10.668	10.976	11.324	11.666	11.968	12.305	12.653	12.996	13.303	13.657	13.994	14.337	14.668	15.004	15.323	15.666	15.968	16.305	16.659	17.007	17.355	17.698	18.005	18.354	18.696	18.998	19.323	19.666	20.008	20.357	20.658	20.995	21.337	21.657	21.994	22.330	22.667	22.974	23.358	23.665	24.008	24.304	24.658	24.966	25.308	25.685	25.993	26.336	26.637	26.974	27.328	27.619	27.967	28.303	28.617	28.965	29.308	29.645	29.964
1.711	2.048	2.338	2.709	3.040	3.371	3.708	4.039	4.370	4.712	5.049	5.380	5.722	6.047	6.349	6.639	7.011	7.301	7.638	7.969	8.340	8.671	8.979	9.321	9.652	10.012	10.349	10.680	10.970	11.312	11.678	12.009	12.340	12.647	12.990	13.361	13.652	14.017	14.319	14.679	15.010	15.347	15.678	15.968	16.339	16.641	16.972	17.338	17.669	18.000	18.342	18.708	19.021	19.352	19.648	19.979	20.310	20.641	20.972	21.297	21.668	21.988	22.319	22.649	22.992	23.311	23.688	24.019	24.350	24.681	25.012	25.337	25.680	26.011	26.341	26.672	27.009	27.328	27.648	27.978	28.309	28.652	28.977	29.348	29.650	29.970
1.711	2.042	2.367	2.727	3.058	3.400	3.737	4.068	4.399	4.729	5.072	5.397	5.710	6.041	6.372	6.697	7.017	7.347	7.678	7.992	8.340	8.700	9.008	9.321	9.710	10.012	10.349	10.680	11.028	11.341	11.672	12.009	12.311	12.671	13.007	13.321	13.652	13.988	14.290	14.668	15.039	15.347	15.707	15.991	16.339	16.647	16.972	17.320	17.698	17.988	18.342	18.731	19.062	19.370	19.747	20.008	20.339	20.682	21.041	21.337	21.709	21.999	22.348	22.702	22.998	23.369	23.671	23.950	24.362	24.699	25.000	25.320	25.668	26.028	26.388	26.678	26.997	27.340	27.700	28.007	28.292	28.652	29.000	29.319	29.668	29.981
0.219	0.637	1.270	1.972	2.651	2.942	3.267	3.609	3.940	4.271	4.631	4.979	5.327	5.681	6.007	6.332	6.657	7.017	7.330	7.597	7.882	8.218	8.538	8.857	9.159	9.408	9.687	9.971	10.291	10.610	10.987	11.318	11.632	11.957	12.299	12.647	12.938	13.269	13.617	13.919	14.238	14.580	14.940	15.300	15.649	15.968	16.322	16.601	16.879	17.210	17.460	17.738	18.017	18.307	18.627	18.981	19.317	19.631	19.962	20.269	20.531	20.879	21.227	21.570	21.901	22.208	22.551	22.911	23.230	23.619	23.938	24.617	24.931	25.262	25.587	25.929	26.260	26.591	26.899	27.270	27.590	27.909	28.228	28.600	28.948	29.267	29.627	29.848
