1.693	2.407	3.597	4.712	5.658	6.848	7.887	8.909	10.070	11.167	12.113	13.181	14.371	15.347	16.415	17.390	18.476	19.526	20.687	21.680	22.655	23.723	24.728	25.889	27.003	27.949	29.064
0.375	1.675	2.604	3.672	4.694	5.809	6.830	7.933	8.967	10.081	11.184	12.217	13.239	14.400	15.468	16.443	17.465	18.626	19.729	20.669	21.784	22.806	23.920	24.895	25.998	27.032	28.053	29.122
4.712	6.721	8.950	11.121	13.176	15.312	17.495	19.526	21.674	23.764	25.889	27.978
1.675	2.744	3.765	4.787	5.855	6.923	7.927	8.949	9.988	11.085	12.153	13.285	14.383	15.422	16.443	17.465	18.533	19.648	20.698	21.738	22.806	23.827	24.849	25.900	26.985	28.053	29.151
5.745	6.337	6.860	7.406	7.963	8.485	8.996	9.507	10.053	10.529	11.086	11.597	12.108	12.653	13.210	13.733	14.290	14.801	15.312	15.858	16.380	16.891	17.402	17.947	18.470	18.981	19.526	20.095	20.652	21.163	21.663	22.173	22.696	23.242	23.764	24.275	24.786	25.331	25.854	26.365	26.875	27.386	27.932	28.454	29.012	29.615
3.969	5.780	6.895	8.195	9.449	10.656	11.771	12.978	14.128	15.300	16.554	17.808	19.108	20.502	21.755	22.916	24.124	25.238	26.446	27.700	29.139
2.715	3.690	4.747	5.687	6.755	7.905	8.938	9.948	11.028	12.096	13.152	14.232	15.393	16.403	17.390	18.505	19.526	20.595	21.616	22.684	23.752	24.809	25.889	26.864	27.978	29.093
7.940	8.950	10.018	11.109	12.119	13.187	14.290	15.370	16.392	17.390	18.482	19.526	20.641	21.674	22.684	23.718	24.728	25.842	26.875	27.978	29.070
10.145	11.132	12.108	13.141	13.640	14.313	14.813	15.347	15.846	16.380	16.879	17.460	17.959	18.563	19.062	19.631	20.606	21.117	21.686	22.185	22.719	23.218	23.741	24.240	24.786	25.285	25.865	26.365	27.061	27.955	28.454	29.035	29.534
1.821	2.587	3.690	4.723	5.722	6.848	7.927	8.972	10.052	11.178	12.211	13.285	14.412	15.462	16.472	17.506	18.597	19.648	20.756	21.819	22.771	23.787	24.820	25.911	26.927	28.117	29.162
5.850	6.831	7.911	9.002	10.082	11.190	12.177	13.158	14.395	15.411	16.456	17.506	18.534	19.642	20.705	21.767	22.754	23.834	24.849	25.894	26.986	28.002	29.128
3.696	4.206	4.711	5.228	5.762	6.273	6.854	7.434	7.991	8.491	9.036	9.535	10.069	10.633	11.184	11.707	12.229	12.775	13.285	13.819	14.336	14.911	15.445	15.933	16.461	16.977	17.477	17.993	18.568	19.137	19.648	20.182	20.727	21.261	21.790	22.289	22.840	23.316	23.822	24.367	24.872	25.395	25.929	26.474	26.997	27.543	28.071	28.634	29.122
2.611	3.690	4.735	5.774	6.871	7.963	9.025	10.082	11.214	12.235	13.251	14.371	15.428	16.456	17.524	18.574	19.613	20.711	21.784	22.795	23.851	24.902	25.941	26.963	28.100	29.163
1.641	2.605	3.731	4.793	5.821	6.883	7.882	8.973	10.012	11.202	12.160	13.210	14.302	15.382	16.444	17.495	18.563	19.602	20.751	21.721	22.771	23.863	24.902	25.941	27.015	28.083	29.151
0.811	1.461	2.512	3.627	4.671	5.734	6.715	7.824	8.921	10.012	11.121	12.183	13.274	14.331	15.405	16.427	17.466	18.563	19.625	20.716	21.715	22.824	23.863	24.815	25.912	26.893	27.961	29.081
2.814	4.015	4.637	5.217	5.734	6.233	6.755	7.353	7.928	8.456	8.984	9.495	10.018	10.575	11.103	11.643	12.154	12.665	13.228	13.774	14.337	14.853	15.358	15.904	16.386	16.885	17.425	17.947	18.528	19.044	19.596	20.124	20.635	21.158	21.668	22.185	22.684	23.207	23.747	24.263	24.803	25.337	25.877	26.353	26.846	27.386	27.938	28.478	29.017	29.586
0.497	1.658	2.604	3.655	4.688	5.768	6.795	7.846	8.949	10.035	11.178	12.124	13.216	14.295	15.375	16.397	17.500	18.580	19.555	20.687	21.749	22.759	23.798	24.820	25.929	26.979	28.106	29.069
1.142	2.541	3.702	4.671	5.705	6.784	7.905	8.944	10.082	11.161	12.154	13.193	14.371	15.376	16.386	17.483	18.621	19.602	20.716	21.761	22.795	23.781	24.873	25.953	26.945	28.083	29.145
1.675	2.076	2.494	3.005	3.575	4.137	4.648	5.153	5.698	6.267	6.766	7.347	7.875	8.386	8.897	9.495	10.023	10.574	11.114	11.677	12.153	12.705	13.198	13.756	14.307	14.847	15.393	15.903	16.385	16.884	17.413	17.976	18.527	19.003	19.526	20.106	20.693	21.227	21.767	22.277	22.748	23.287	23.758	24.286	24.797	25.377	25.888	26.405	26.916	27.496	28.047	28.558	29.075
1.543	2.535	3.702	4.666	5.734	6.825	7.864	8.926	10.006	11.045	12.125	13.193	14.267	15.323	16.427	17.425	18.563	19.567	20.676	21.697	22.696	23.793	24.803	25.842	26.957	28.077	29.064
2.808	3.679	4.729	5.792	6.901	7.899	8.961	9.977	11.150	12.177	13.251	14.360	15.312	16.461	17.500	18.557	19.532	20.670	21.697	22.707	23.787	24.791	25.871	26.899	27.978	29.070
0.236	1.310	2.604	3.672	4.735	5.791	6.854	7.875	8.914	10.052	11.172	12.206	13.216	14.365	15.404	16.414	17.424	18.551	19.636	20.756	21.755	22.806	23.781	24.855	25.963	26.997	28.129	29.174
0.492	2.854	3.615	4.712	5.803	6.895	7.945	8.955	10.064	11.231	12.113	13.181	14.273	15.347	16.403	17.466	18.563	19.532	20.072	20.652	21.187	21.686	22.702	23.723	24.774	25.871	26.823	28.083	29.093
9.025	10.000	11.092	12.090	13.170	14.255	15.393	16.380	17.471	18.545	19.503	20.711	21.744	22.760	23.770	24.832	25.871	26.893	27.973	29.052
4.817	5.815	6.901	7.945	9.037	10.058	11.167	12.218	13.309	14.401	15.405	16.490	17.506	18.627	19.625	20.705	21.750	22.800	23.869	24.896	25.987	27.090	28.176	29.157
4.224	8.432	9.535	10.603	11.625	12.711	13.883	14.911	15.886	16.902	18.034	19.096	20.124	21.221	22.225	23.253	24.286	25.406	26.416	27.485	28.564
3.638	4.706	5.780	6.837	7.916	8.990	10.058	11.179	12.177	13.245	14.389	15.457	16.456	17.570	18.650	19.619	20.716	21.779	22.806	23.776	24.919	25.976	26.968	28.147	29.157
2.886	3.716	4.628	5.499	6.311	7.199	8.018	8.871	9.719	10.630	11.478	12.308	13.167	14.171	15.071	15.878	16.807	17.701	18.630	19.558	20.528	21.491	22.351	23.331	24.278	25.160	26.118	27.082	27.970	29.009
3.772	4.758	5.751	6.808	7.911	9.008	10.058	11.167	12.171	13.228	14.331	15.387	16.421	17.489	18.592	19.567	20.670	21.721	22.748	23.810	24.797	25.929	26.922	28.100	29.087
2.686	3.714	4.724	5.815	6.935	7.986	8.984	10.041	11.161	12.241	13.361	14.441	15.486	16.461	17.593	18.673	19.724	20.856	21.796	22.812	23.863	24.861	25.964	26.986	28.112	29.134
1.804	2.622	3.615	4.683	5.716	6.732	7.893	8.996	10.053	11.086	12.154	13.216	14.313	15.393	16.403	17.442	18.534	19.567	20.693	21.732	22.765	23.805	24.867	25.906	26.933	28.077	29.093
3.685	4.724	5.722	6.245	6.906	7.974	9.083	10.175	11.225	12.212	13.321	14.395	15.445	16.461	17.535	18.621	19.683	20.786	21.784	22.812	23.886	24.902	25.436	26.022	27.003	27.526	28.176	29.174
3.685	4.706	5.786	6.883	7.945	9.014	10.076	11.144	12.235	13.303	14.383	15.463	16.456	17.518	18.627	19.654	20.745	21.784	22.777	23.816	24.896	25.947	27.026	28.083	29.197
6.796	7.974	9.031	10.122	11.185	12.206	13.263	14.435	15.451	16.432	17.541	18.644	19.654	20.734	21.715	22.783	23.793	24.861	25.924	26.933	28.042	29.174
0.723	1.704	2.569	3.626	4.694	5.785	6.807	7.893	8.984	10.087	11.143	12.165	13.227	14.313	15.416	16.397	17.517	18.568	19.566	20.693	21.755	22.736	23.758	24.814	25.865	26.892	28.065	29.087
16.095	2.715	3.696	4.787	5.774	6.755	7.887	8.996	10.035	11.172	12.194	13.175	14.394	15.416	16.472	17.453	18.556	19.497	20.605	21.616	22.631	23.584	24.605	25.882	26.945	28.036	29.023
1.641	2.605	4.642	5.745	6.842	7.922	8.996	10.082	11.196	12.142	13.245	14.412	15.445	16.502	17.483	18.586	19.613	20.705	21.732	22.725	23.776	24.861	25.982	27.003	28.066	29.163
1.792	2.709	3.737	4.799	5.798	6.877	7.911	8.967	10.047	11.161	12.148	13.228	14.331	15.399	16.479	17.512	18.569	19.648	20.757	21.709	22.707	23.659	24.768	25.802	26.910	28.019	29.046
1.792	2.762	3.795	4.892	5.873	6.901	7.980	9.095	10.204	11.254	12.253	13.350	14.453	15.509	16.543	17.529	18.603	19.683	20.722	21.813	22.812	23.874	24.902	25.953	27.015	28.141	29.203
3.766	4.967	5.867	6.866	7.864	8.886	10.006	11.144	12.206	13.205	14.244	15.306	16.305	17.367	18.464	19.544	20.664	21.628	22.644	23.723	24.786	25.883	26.864	27.984	29.064
