1.252	2.332	3.505	4.863	6.366	7.522	8.944	10.366	11.753	13.123	14.302	15.515	16.914	18.162	19.381	20.635	22.092	23.375	24.751	26.045	27.293	28.652	29.912
0.852	2.245	3.464	4.764	6.181	7.603	8.973	10.320	11.765	13.193	14.302	15.602	16.943	18.261	19.544	20.763	22.023	23.404	24.652	26.011	27.293	28.634	29.970
1.107	1.646	2.268	2.790	3.516	4.038	4.880	5.396	6.285	6.795	7.597	8.107	8.967	9.489	10.296	10.830	11.788	12.299	13.129	14.266	14.795	15.567	16.078	16.896	17.424	18.127	18.655	19.288	19.816	20.710	21.215	21.958	22.486	23.328	23.856	24.518	25.046	25.859	26.399	27.177	27.688	28.547	29.069	29.795
1.246	3.441	6.076	8.886	11.585	14.302	16.694	19.056	21.854	24.524	27.131	29.685
3.336	4.747	6.146	7.586	8.822	10.273	11.585	12.613	13.716	14.633	15.614	16.752	17.924	19.172	20.536	21.895	23.224	24.507	25.802	27.137	28.176	29.284
0.637	1.217	2.245	3.435	4.776	5.995	11.266	12.154	13.077	14.197	15.416	16.217	17.082	18.197	19.323	20.687	21.657	22.905	23.514	24.553	25.964
2.274	3.301	4.886	6.303	7.603	8.915	10.401	11.794	13.071	14.215	15.556	16.902	18.104	19.416	20.745	22.052	23.433	24.652	25.976	27.235	28.541	29.865
1.234	2.302	3.413	4.723	6.221	7.695	9.001	10.412	11.753	13.082	14.272	15.596	16.925	18.313	19.503	20.803	22.022	23.311	24.564	25.923	27.165	28.535
3.464	4.956	6.372	7.703	9.072	10.343	11.811	13.205	14.354	15.515	16.955	18.232	19.521	20.815	22.133	23.381	24.635	26.092	27.375	28.623	29.935
1.252	1.862	2.175	2.622	3.116	3.435	3.783	4.033	4.282	4.532	4.782	5.031	5.316	5.565	5.844	6.111	6.372	6.732	7.034	7.342	7.591	7.893	8.154	8.433	8.712	8.955	9.211	9.455	9.681	10.006	10.256	10.546	10.813	11.074	11.364	11.626	11.893	12.206	12.462	12.734	13.036	13.286	13.536	13.814	14.075	14.325	14.592	14.935	15.202	15.515	15.846	16.125	16.456	16.752	17.042	17.396	17.675	18.005	18.261	18.574	18.876	19.172	19.451	19.753	20.031	20.293	20.595	20.873	21.146	21.401	21.686	21.982	22.284	22.736	23.114	23.421	23.764	24.066	24.391	24.704	25.035	25.325	25.656	25.964	26.266	26.545	26.875	27.171	27.462	27.845	28.176	28.466	28.791	29.093	29.395	29.674	29.981
0.532	1.334	2.286	3.342	4.561	6.175	7.615	8.973	10.343	11.835	13.141	14.284	15.486	16.845	18.122	19.312	20.641	21.941	23.334	24.553	25.941	27.334	28.594	29.894
1.246	1.739	2.285	2.889	3.475	4.067	4.746	5.420	6.267	7.028	7.608	8.218	8.926	9.535	10.267	11.010	11.805	12.467	13.187	13.790	14.348	14.905	15.555	16.205	16.925	17.558	18.220	18.847	19.468	20.077	20.751	21.430	22.086	22.695	23.467	24.077	24.669	25.290	26.016	26.660	27.368	27.960	28.669	29.348
1.199	3.475	6.505	9.036	11.817	14.319	16.925	19.636	22.115	24.640	27.305	29.998
1.258	2.506	4.288	6.047	8.398	10.848	12.967	14.789	16.601	18.789	21.099	22.905	24.937	26.968	28.826
3.563	6.320	7.092	7.742	8.352	8.973	9.600	10.325	11.045	11.742	12.473	13.141	13.745	14.313	14.964	15.585	16.252	16.902	17.593	18.220	18.870	19.410	20.130	20.763	21.361	21.994	22.684	23.381	24.014	24.641	25.331	26.011	26.661	27.311	27.955	28.570	29.250	29.865
2.181	3.435	4.695	5.594	6.303	7.063	7.690	8.265	8.973	9.652	10.360	11.103	11.811	12.525	13.210	13.843	14.453	15.004	15.683	16.351	17.013	17.663	18.290	18.865	19.491	20.084	20.734	21.396	22.063	22.765	23.445	24.025	24.652	25.343	26.063	26.684	27.340	28.031	28.675	29.424
2.320	3.528	4.950	6.372	7.539	8.938	10.418	11.771	13.112	14.319	15.562	16.850	18.168	19.312	20.699	22.081	23.329	24.600	25.842	27.282	28.570	29.778
1.170	2.250	3.394	4.781	6.325	7.504	8.920	10.273	11.695	13.134	14.191	15.445	16.803	18.104	19.392	20.803	22.074	23.421	24.605	26.114	27.392	28.582	29.824
4.991	6.285	7.684	8.996	10.383	11.771	13.263	14.383	15.631	16.885	18.244	19.381	20.745	22.075	23.514	24.681	25.993	27.322	28.733
3.464	3.998	6.546	7.075	9.025	9.553	11.823	12.357	14.267	14.795	16.955	17.483	19.486	20.026	22.127	22.655	24.606	25.157	27.247	27.787	29.935
0.776	2.257	3.493	4.996	6.285	7.556	8.973	10.383	11.753	13.245	14.325	15.532	16.862	18.244	19.573	20.693	22.104	23.491	24.745	26.103	27.351	28.681
0.254	1.096	2.204	3.481	4.904	6.343	6.871	7.591	8.741	10.256	11.765	13.065	14.261	15.672	16.926	18.203	19.486	20.711	22.034	23.294	24.606	25.953	27.322	28.605
1.014	2.048	2.396	3.429	4.880	6.355	7.702	8.926	10.360	11.719	13.025	14.255	15.515	16.920	18.232	19.370	20.711	22.023	23.375	24.600	25.982	27.264	28.692	29.958
0.625	1.061	2.291	3.394	4.782	6.314	7.655	8.984	10.360	11.811	13.141	14.261	15.562	16.955	18.325	19.532	20.815	22.092	23.462	24.652	26.115	27.415	28.652
2.268	2.750	4.909	5.409	7.690	8.166	10.325	10.830	13.048	15.556	18.226	18.720	20.745	23.416	25.970	28.716
1.810	3.702	5.577	7.498	9.350	11.399	13.060	14.540	16.241	17.982	19.648	21.047	22.487	23.567	25.012	26.388	27.328	28.739	29.958
1.873	3.685	6.291	9.014	11.875	14.354	17.135	19.921	23.532	26.452	29.453
0.480	1.223	2.181	3.342	4.741	6.123	7.504	8.892	10.285	11.684	13.054	14.284	15.550	16.850	18.122	19.364	20.705	22.081	23.352	24.664	26.074	27.404	28.565
0.625	1.403	2.262	3.243	4.387	5.374	6.413	7.406	8.468	9.693	10.854	11.962	13.106	14.244	15.306	16.543	17.854	19.044	20.415	21.744	23.154	24.356	25.604	26.916	28.083	29.383
1.124	2.204	3.417	3.928	4.833	5.344	6.256	6.784	7.666	8.194	8.903	9.443	10.267	10.784	11.817	12.345	13.175	14.284	15.567	16.095	16.873	18.197	18.725	19.427	19.944	20.733	21.267	22.115	22.637	23.473	23.984	24.663	25.174	26.016	26.556	27.334	27.844	28.616	29.145	29.986
1.194	1.786	2.273	2.802	3.423	4.102	4.781	5.495	6.221	7.004	7.672	8.322	8.996	9.646	10.273	10.946	11.782	12.502	13.146	13.756	14.365	14.946	15.555	16.176	16.884	17.523	18.144	18.806	19.462	20.106	20.745	21.395	22.051	22.713	23.351	23.961	24.611	25.215	25.853	26.492	27.212	27.891	28.576	29.226
2.245	3.493	4.863	6.204	7.603	8.944	10.296	11.777	13.147	14.273	15.573	16.845	18.156	19.433	20.745	22.017	23.433	24.623	25.947	27.317	28.652	29.923
2.227	3.481	4.927	6.401	7.667	8.961	10.360	11.841	13.199	14.337	15.567	16.862	18.290	19.457	20.740	22.069	23.358	24.641	26.022	27.357	28.629	29.981
0.213	0.968	2.048	3.145	4.114	4.828	6.488	7.156	7.638	8.207	8.926	9.588	10.337	11.098	11.794	12.514	13.164	13.733	14.296	14.935	15.573	16.217	16.873	17.558	18.238	18.934	19.573	20.119	20.763	21.407	22.046	22.736	23.398	23.996	24.635	25.267	25.987	26.585	27.218	27.938	28.617	29.273	29.958
3.586	4.126	4.834	5.577	6.343	7.173	7.684	8.276	8.973	9.623	10.366	11.092	11.823	12.496	13.193	13.774	14.325	14.906	15.556	16.206	16.926	17.616	18.255	18.882	19.544	20.095	20.716	21.396	22.144	22.771	23.421	24.054	24.722	25.331	26.005	26.632	27.346	28.013	28.663	29.337
1.136	1.728	2.268	2.895	3.516	4.148	4.839	5.489	6.267	7.045	7.689	8.357	8.990	9.605	10.296	10.946	11.736	12.415	13.134	13.750	14.290	14.905	15.526	16.130	16.786	17.529	18.179	18.794	19.479	20.089	20.739	21.285	21.970	22.626	23.287	23.938	24.535	25.145	25.865	26.515	27.119	27.746	28.378	29.005	29.638
1.142	2.175	3.412	4.666	6.204	7.586	8.996	10.273	11.724	13.083	14.302	15.556	16.862	18.116	19.381	20.676	22.023	23.346	24.553	26.034	27.363	28.605	29.923
1.200	1.664	2.344	3.435	4.683	6.233	7.742	9.043	10.412	11.852	13.373	14.261	15.591	16.885	18.191	19.480	20.914	22.075	23.323	24.542	25.871	27.235	28.431	29.575
3.580	4.927	6.332	7.667	9.048	10.407	11.881	13.187	14.308	15.602	16.990	18.238	19.387	20.711	22.057	23.450	24.658	25.970	27.311	28.658
1.188	3.504	6.488	8.984	11.817	14.255	17.024	19.485	22.144	24.634	27.357
