2.204	3.226	3.830	4.387	5.037	5.641	6.337	6.941	7.545	8.241	8.938	9.542	10.238	10.842	11.539	12.189	12.839	13.536	14.186	14.836	15.532	16.136	16.833	17.483	18.180	18.830	19.573	20.177	20.920	21.570	22.266	22.870	23.567	24.170	24.960	25.563	26.260	26.864	27.514	28.257	28.954	29.604
4.416	5.716	7.017	8.317	9.635	10.964	12.264	13.582	14.958	16.258	17.558	18.859	20.223	21.616	22.963	24.263	25.656	26.957	28.303	29.604
4.416	5.716	7.034	8.288	9.588	10.935	12.282	13.582	14.929	16.183	17.512	18.859	20.223	21.570	22.916	24.246	25.610	26.910	28.257	29.604
4.387	5.037	5.687	6.384	6.988	7.638	8.241	8.938	9.588	10.238	10.929	11.585	12.235	12.932	13.582	14.226	14.836	15.532	16.136	16.833	17.529	18.180	18.876	19.573	20.223	20.920	21.570	22.313	22.963	23.567	24.257	24.867	25.563	26.167	26.910	27.607	28.257	29.000	29.650
1.937	2.186	2.558	2.883	3.208	3.516	3.841	4.166	4.462	4.787	5.112	5.420	5.762	6.087	6.412	6.766	7.063	7.388	7.695	7.991	8.345	8.670	9.013	9.338	9.646	9.971	10.296	10.638	10.992	11.288	11.614	11.921	12.293	12.618	12.943	13.285	13.593	13.918	14.261	14.615	14.940	15.236	15.561	15.915	16.240	16.565	16.890	17.233	17.587	17.883	18.208	18.580	18.905	19.230	19.584	19.955	20.280	20.576	20.948	21.273	21.645	21.970	22.295	22.620	22.945	23.299	23.595	23.920	24.274	24.599	24.942	25.267	25.639	25.963	26.271	26.614	26.939	27.293	27.618	27.943	28.268	28.640	28.982	29.307	29.632
3.876	5.113	6.384	7.684	9.031	10.331	11.585	12.932	14.279	15.625	16.926	18.226	19.433	20.827	22.295	23.549	24.913	26.260	27.607	28.907
0.817	1.699	2.303	2.907	3.510	4.486	5.089	5.734	6.390	7.080	7.644	8.340	8.990	9.640	10.337	10.941	11.637	12.282	12.938	13.588	14.284	14.935	15.585	16.235	16.885	17.535	18.185	18.882	19.579	20.275	20.925	21.575	22.272	22.922	23.619	24.263	24.919	25.616	26.312	26.916	27.613	28.263	28.959	29.610
4.399	5.618	6.895	8.195	9.530	10.877	12.200	13.489	14.906	16.206	17.483	18.830	20.177	21.616	22.882	24.194	25.529	26.875	28.211	29.581
4.259	4.538	4.817	5.461	6.082	6.413	6.744	7.051	7.318	7.678	7.992	8.334	8.648	9.019	9.321	9.635	9.960	10.302	10.633	10.976	11.306	11.632	11.957	12.270	12.630	12.978	13.321	13.617	13.913	14.226	14.586	14.929	15.271	15.614	15.945	16.276	16.583	16.926	17.257	17.587	17.883	18.255	18.598	18.911	19.271	19.631	19.944	20.258	20.554	20.896	21.337	21.709	22.040	22.348	22.696	22.974	23.317	23.567	23.944	24.257	24.600	25.006	25.302	25.616	25.912	26.307	26.585	26.928	27.270	27.601	27.897	28.303	28.629	29.023	29.366	29.708	29.993
5.734	8.323	9.646	10.947	12.247	13.588	14.964	16.229	17.529	18.888	20.258	21.651	22.974	24.287	25.622	26.968	28.327	29.639
4.433	5.118	6.430	7.057	7.696	8.369	9.031	9.699	10.354	10.964	11.639	12.305	12.967	13.640	14.279	14.981	15.556	16.247	16.949	17.605	18.226	18.981	19.619	20.327	20.995	22.382	22.934	23.497	24.310	24.995	25.715	26.278	26.968	28.245	29.000	29.650
3.481	4.387	5.060	5.687	6.395	7.017	7.638	8.300	8.984	9.623	10.296	10.958	11.626	12.247	12.920	13.547	14.221	14.877	15.544	16.171	16.879	17.500	18.220	18.865	19.579	20.235	20.920	21.610	22.301	22.922	23.567	24.205	24.890	25.610	26.266	26.910	27.595	28.251	28.971	29.610
3.156	3.835	4.457	5.084	5.774	6.425	7.046	7.673	8.363	9.014	9.623	10.314	10.981	11.626	12.247	12.967	13.605	14.273	14.906	15.544	16.223	16.902	17.535	18.244	18.894	19.625	20.246	20.954	21.604	22.307	22.951	23.567	24.263	25.012	25.633	26.272	26.922	27.624	28.257	28.913	29.604
3.133	4.352	5.583	6.871	8.172	9.553	10.906	12.195	13.483	14.836	16.165	17.471	18.882	20.182	21.581	22.922	24.263	25.546	26.875	28.153	29.546
0.155	1.583	2.402	3.325	3.882	4.462	5.084	5.705	6.401	7.011	7.626	8.282	8.932	9.582	10.273	10.894	11.603	12.241	12.862	13.495	14.192	14.882	15.556	16.235	16.885	17.524	18.174	18.841	19.474	20.223	20.914	21.604	22.272	22.882	23.561	24.205	24.873	25.575	26.254	26.881	27.595	28.193	28.901	29.552
4.370	4.973	5.670	6.320	6.930	7.522	8.201	8.845	9.530	10.151	10.842	11.463	12.125	12.711	13.280	14.174	14.824	15.440	16.142	16.810	17.454	18.075	18.801	19.451	20.165	20.780	21.535	22.173	22.771	23.445	24.031	24.815	25.581	26.173	26.881	27.514	28.182	28.791	29.482
0.602	1.572	2.587	3.580	4.352	5.101	5.740	6.401	7.017	7.649	8.300	8.990	9.652	10.337	10.970	11.632	12.229	12.938	13.599	14.267	14.929	15.579	16.258	16.961	17.547	18.238	18.870	19.590	20.252	20.937	21.622	22.290	22.922	23.567	24.252	24.931	25.627	26.347	26.957	27.648	28.338	28.971	29.627
1.572	2.541	4.381	5.728	6.982	8.300	9.652	10.947	12.311	13.530	14.888	16.258	17.558	18.882	20.252	21.622	22.980	24.281	25.587	26.939	28.292	29.627
3.806	4.375	5.014	5.687	6.378	6.935	7.586	8.247	8.915	9.565	10.227	10.877	11.486	12.166	12.874	13.536	14.157	14.877	15.515	16.154	16.815	17.466	18.174	18.876	19.497	20.188	20.838	21.558	22.249	22.858	23.526	24.217	24.844	25.534	26.208	26.875	27.514	28.199	28.878	29.546
3.092	4.433	5.745	6.993	8.334	9.611	10.964	12.264	13.594	14.906	16.223	17.564	18.923	20.264	21.663	22.911	24.304	25.616	26.922	28.274	29.645
3.168	4.341	5.751	7.028	8.282	9.611	10.958	12.282	13.582	14.940	16.241	17.547	18.882	20.229	21.639	22.940	24.269	25.610	26.939	28.321	29.639
3.284	4.375	5.716	6.988	8.305	9.606	10.918	12.287	13.576	14.958	16.247	17.547	18.899	20.269	21.599	22.974	24.246	25.639	26.945	28.315	29.848
0.521	1.084	1.873	2.483	3.081	3.725	4.282	4.973	5.705	6.372	6.964	7.574	8.311	8.973	9.640	10.291	10.952	11.603	12.241	12.903	13.594	14.232	14.882	15.503	16.194	16.902	17.541	18.162	18.824	19.521	20.182	20.815	21.651	22.255	22.974	23.543	24.153	24.995	25.540	26.243	26.922	27.624	28.280	29.000	29.604
5.751	6.454	7.051	7.661	8.305	9.002	9.646	10.314	10.952	11.614	12.253	12.961	13.582	14.261	14.946	15.602	16.241	16.931	17.564	18.232	18.894	19.584	20.252	20.943	21.634	22.301	22.951	23.613	24.223	24.925	25.604	26.283	26.922	27.613	28.292	29.006	29.615
5.763	6.436	7.034	7.655	8.311	8.955	9.582	10.298	10.964	11.614	12.282	12.932	13.594	14.226	14.911	15.573	16.235	16.891	17.553	18.174	18.876	19.544	20.223	20.954	21.622	22.295	22.934	23.561	24.252	24.954	25.645	26.324	26.963	27.601	28.286	29.012	29.691
5.705	6.744	7.092	7.684	8.323	9.025	9.675	10.291	10.993	11.632	12.282	12.903	13.594	14.290	14.911	15.585	16.281	16.891	17.524	18.220	18.894	19.631	20.240	20.960	21.715	22.342	23.003	23.584	24.234	24.960	25.633	26.283	26.951	27.630	28.292	28.994	29.592
3.121	4.364	5.693	7.011	8.307	9.675	10.964	12.264	13.605	14.964	16.154	17.553	18.911	20.235	21.634	22.974	24.252	25.616	26.974	28.303	29.674
2.599	3.522	4.491	5.548	6.738	7.957	9.118	10.279	11.481	12.618	13.640	14.789	16.008	17.320	18.470	19.561	20.757	21.848	22.980	24.118	25.378	26.632	27.711	28.861
5.699	6.337	6.999	7.638	8.282	8.967	9.611	10.250	10.900	11.579	12.270	12.909	13.611	14.261	14.900	15.538	16.188	16.850	17.500	18.180	18.818	19.509	20.188	20.867	21.628	22.232	22.847	23.450	24.170	24.849	25.529	26.208	26.858	27.497	28.187	28.867	29.552
3.226	4.451	5.751	7.051	8.346	9.635	11.016	12.334	13.652	15.016	16.305	17.605	18.986	20.304	21.796	23.003	24.362	26.336	26.992	28.292	29.674
1.926	2.645	3.162	3.795	4.352	5.072	5.681	6.326	6.970	7.615	8.311	8.990	9.635	10.331	10.935	11.585	12.200	12.920	13.594	14.284	14.906	15.573	16.183	16.873	17.512	18.174	18.865	19.532	20.211	20.914	21.622	22.324	22.922	23.613	24.205	24.913	25.604	26.260	26.933	27.601	28.222	28.896	29.604
4.399	5.757	6.982	8.259	9.600	10.981	12.241	13.617	14.969	16.310	17.558	18.917	20.240	21.680	22.940	24.298	25.662	26.957	28.280	29.668
1.513	2.204	3.174	3.830	4.410	5.084	5.705	6.384	7.005	7.620	8.294	8.973	9.600	10.291	10.941	11.603	12.241	12.932	13.594	14.244	14.923	15.614	16.223	16.920	17.564	18.255	18.882	19.602	20.252	20.943	21.663	22.353	22.974	23.625	24.275	24.954	25.633	26.295	26.933	27.613	28.292	28.954	29.633
7.005	8.346	9.582	10.952	12.264	13.594	14.952	16.206	17.535	18.894	20.235	21.622	22.951	24.287	25.645	26.963	28.321	29.656
3.354	4.486	5.734	6.982	8.302	9.664	10.912	12.235	13.605	14.911	16.206	17.535	18.853	20.211	21.651	22.882	24.182	25.575	26.904	28.263	29.621
3.876	4.433	5.136	5.745	6.465	7.075	7.661	8.323	8.996	9.652	10.325	10.964	11.626	12.264	12.903	13.605	14.261	14.946	15.585	16.241	16.966	17.524	18.296	18.934	19.602	20.293	20.902	21.622	22.266	22.945	23.555	24.223	24.884	25.523	26.243	26.933	27.601	28.303	29.023	29.633
3.194	4.451	5.734	6.993	8.352	9.623	10.952	12.276	13.605	14.935	16.235	17.512	18.882	20.264	21.622	22.992	24.321	25.656	26.951	28.315	29.604
3.830	4.422	5.078	5.751	6.407	7.028	7.661	8.317	9.002	9.629	10.331	10.987	11.661	12.282	12.978	13.640	14.302	14.969	15.608	16.241	16.937	17.582	18.232	18.888	19.550	20.142	20.799	21.407	22.052	22.678	23.352	23.927	24.559	25.111	25.662	26.248	26.841	27.491	28.077	28.698	29.308	29.819
5.821	6.465	7.034	7.696	8.363	9.031	9.635	10.325	11.005	11.614	12.276	12.996	13.611	14.302	15.004	15.544	16.276	16.943	17.524	18.296	18.934	19.654	20.304	20.983	21.726	22.353	22.963	23.654	24.333	24.942	25.575	26.295	26.974	27.636	28.321	29.081	29.656
0.422	3.365	5.722	8.224	10.976	13.541	16.223	18.923	21.622	24.281	26.974	29.621
