1.368	1.879	2.553	3.040	3.574	4.596	5.432	6.337	7.243	8.149	9.008	9.936	10.796	11.678	12.537	13.396	14.279	15.138	15.997	16.902	17.831	18.667	19.526	20.386	21.337	22.197	23.079	23.915	24.774	25.656	26.516	27.444	28.443	29.186
1.374	2.164	3.000	3.789	4.671	5.554	6.436	7.318	8.201	9.130	9.965	10.848	11.684	12.566	13.443	14.331	15.213	16.096	16.978	17.814	18.696	19.579	20.455	21.343	22.220	23.108	23.990	24.873	25.703	26.591	27.473	28.356	29.192
2.019	3.737	5.455	7.266	9.031	10.796	12.514	14.232	15.997	17.762	19.526	21.337	23.056	24.774	26.492	28.350
2.994	3.783	4.619	5.641	6.430	7.313	8.195	9.031	9.913	10.796	11.620	12.514	13.396	14.313	15.207	16.078	16.879	17.750	18.644	19.526	20.455	21.372	22.220	23.183	24.031	24.867	25.703	26.585	27.514	28.431	29.267
3.789	4.068	4.346	4.671	4.950	5.269	5.554	5.879	6.111	6.390	6.709	6.993	7.272	7.551	7.876	8.201	8.479	8.758	9.037	9.362	9.640	9.965	10.244	10.569	10.848	11.127	11.405	11.684	11.962	12.241	12.566	12.845	13.123	13.402	13.681	13.959	14.238	14.563	14.842	15.161	15.445	15.724	16.003	16.328	16.607	16.926	17.204	17.489	17.767	18.092	18.371	18.650	18.928	19.253	19.532	19.811	20.130	20.415	20.693	20.972	21.250	21.575	21.901	22.179	22.504	22.783	23.108	23.387	23.665	23.944	24.223	24.548	24.826	25.105	25.384	25.662	25.987	26.266	26.585	26.864	27.148	27.473	27.752	28.031	28.356	28.634	28.913	29.192	29.470	29.749
3.766	4.648	5.484	6.384	7.266	8.195	9.031	9.913	10.825	11.632	12.560	13.425	14.279	15.161	15.997	16.833	17.715	18.505	19.526	20.362	21.384	22.220	23.085	23.938	24.803	25.610	26.492	27.328	28.332	29.186
1.368	2.994	3.783	4.619	5.502	6.430	7.266	8.149	9.072	9.960	10.836	11.678	12.555	13.396	14.325	15.115	16.090	16.926	17.808	18.644	19.526	20.455	21.337	22.214	23.056	23.938	24.820	25.656	26.539	27.421	28.257	29.139
2.041	2.866	3.777	4.619	5.542	6.383	7.318	8.165	9.042	9.930	10.824	11.666	12.542	13.384	14.261	15.131	16.037	16.896	17.726	18.632	19.491	20.367	21.273	22.150	23.073	23.897	24.791	25.662	26.538	27.432	28.320	29.197
1.281	1.548	1.803	2.095	2.337	2.627	2.906	3.173	3.504	3.835	4.102	4.363	4.677	4.926	5.228	5.553	5.820	6.110	6.424	6.656	6.923	7.283	7.515	7.852	8.189	8.456	8.758	9.048	9.286	9.628	9.942	10.209	10.453	10.801	11.068	11.335	11.695	11.927	12.206	12.531	12.821	13.082	13.413	13.680	13.959	14.319	14.551	14.853	15.178	15.445	15.712	16.037	16.281	16.571	16.908	17.192	17.488	17.848	18.080	18.313	18.649	18.928	19.206	19.508	19.770	20.031	20.379	20.681	21.041	21.395	21.633	21.877	22.208	22.492	22.771	23.096	23.316	23.665	23.978	24.222	24.524	24.861	25.099	25.383	25.708	26.004	26.254	26.567	26.869	27.078	27.438	27.693	27.960	28.344	28.599	28.849	29.191	29.447	29.737
2.384	3.475	4.648	5.820	6.993	8.165	9.384	10.505	11.695	12.850	14.017	15.143	16.333	17.506	18.678	19.799	21.018	22.225	23.351	24.570	25.726	26.881	28.053	29.226
2.971	3.783	4.631	5.548	6.407	7.255	8.207	9.112	9.925	10.854	11.713	12.549	13.408	14.313	15.196	16.078	16.914	17.773	18.690	19.538	20.444	21.396	22.220	23.056	23.985	24.867	25.680	26.597	27.502	28.408	29.244
0.538	0.863	1.095	1.385	1.675	1.977	2.256	2.558	2.836	3.127	3.463	3.788	4.067	4.381	4.659	4.949	5.228	5.507	5.809	6.064	6.366	6.668	6.946	7.283	7.585	7.864	8.177	8.456	8.758	9.036	9.338	9.628	9.919	10.197	10.522	10.836	11.080	11.381	11.660	11.939	12.241	12.554	12.833	13.111	13.413	13.680	13.970	14.307	14.551	14.853	15.143	15.433	15.723	16.037	16.292	16.606	16.908	17.198	17.523	17.837	18.080	18.371	18.661	18.916	19.206	19.508	19.787	20.101	20.426	20.704	21.018	21.354	21.633	21.912	22.213	22.504	22.806	23.096	23.363	23.665	23.955	24.245	24.535	24.849	25.128	25.418	25.708	25.987	26.278	26.567	26.846	27.148	27.473	27.752	28.065	28.367	28.611	28.924	29.214	29.493	29.783
2.053	2.895	3.783	4.666	5.565	6.413	7.313	8.172	9.031	9.902	10.813	11.672	12.584	13.425	14.290	15.173	16.043	16.943	17.814	18.661	19.515	20.420	21.361	22.203	23.085	23.932	24.855	25.703	26.550	27.485	28.332	29.192
2.106	2.988	3.737	4.689	5.548	6.419	7.278	8.189	9.048	9.960	10.836	11.690	12.566	13.419	14.284	15.178	16.026	16.908	17.820	18.656	19.509	20.397	21.308	22.214	23.038	23.985	24.855	25.680	26.579	27.497	28.367	29.209
0.265	0.904	1.351	2.123	2.866	3.783	4.625	5.536	6.401	7.266	8.172	9.066	9.954	10.865	11.585	12.572	13.431	14.292	15.173	16.061	16.955	17.831	18.685	19.515	20.473	21.372	22.232	23.125	24.002	24.896	25.761	26.562	27.531	28.344	29.226
2.036	2.866	3.754	4.044	4.358	4.654	4.985	5.298	5.583	5.896	6.157	6.407	6.703	6.976	7.318	7.638	7.905	8.154	8.503	8.776	9.025	9.327	9.617	9.907	10.198	10.517	10.825	11.127	11.417	11.684	12.038	12.305	12.584	12.903	13.135	13.408	13.727	14.006	14.296	14.575	14.865	15.138	15.474	15.753	16.014	16.305	16.618	16.856	17.204	17.506	17.773	18.075	18.313	18.627	18.946	19.213	19.468	19.776	20.055	20.374	20.664	20.943	21.303	21.628	21.895	22.173	22.493	22.818	23.073	23.358	23.677	23.927	24.217	24.484	24.786	25.087	25.395	25.668	25.964	26.254	26.516	26.817	27.125	27.404	27.758	28.083	28.408	28.675	28.948	29.174	29.488	29.784
0.323	0.712	1.264	1.635	2.024	2.326	2.622	2.942	3.226	3.522	3.806	4.091	4.346	4.631	4.956	5.246	5.583	5.856	6.111	6.436	6.715	6.982	7.336	7.615	7.905	8.212	8.462	8.752	9.054	9.356	9.623	9.925	10.244	10.546	10.836	11.144	11.394	11.666	11.974	12.322	12.613	12.885	13.135	13.431	13.745	14.006	14.342	14.592	14.865	15.161	15.435	15.736	16.043	16.334	16.607	16.931	17.216	17.512	17.843	18.122	18.412	18.696	18.986	19.271	19.561	19.834	20.101	20.426	20.722	21.024	21.355	21.651	21.941	22.214	22.522	22.806	23.114	23.375	23.671	23.956	24.246	24.513	24.873	25.151	25.401	25.674	25.982	26.295	26.545	26.852	27.125	27.462	27.764	28.066	28.396	28.646	28.896	29.226	29.505	29.784
0.811	1.995	2.831	3.766	4.654	5.583	6.395	7.272	8.154	8.944	9.913	10.825	11.666	12.584	13.454	14.325	15.161	16.043	16.914	17.872	18.696	19.515	20.444	21.384	22.162	23.056	23.944	24.832	25.715	26.533	27.543	28.402	29.151
1.159	1.989	2.836	3.759	4.636	5.565	6.325	7.208	8.125	9.030	9.919	10.789	11.677	12.560	13.378	14.249	15.079	15.985	16.826	17.749	18.655	19.485	20.367	21.325	22.138	23.055	23.926	24.785	25.609	26.498	27.357	28.320	29.168
2.024	2.895	3.783	4.671	5.571	6.366	7.272	8.125	9.002	9.936	10.836	11.626	12.502	13.414	14.313	15.225	16.055	16.845	17.733	18.656	19.555	20.357	21.361	22.214	23.073	23.892	24.861	25.715	26.614	27.502	28.356	29.261
1.601	2.111	2.889	3.777	4.660	5.548	6.390	7.249	8.230	9.101	9.971	10.859	11.719	12.578	13.419	14.389	15.242	16.078	16.937	17.808	18.702	19.590	20.409	21.361	22.168	23.062	23.950	24.908	25.691	26.608	27.531	28.338	29.267
1.095	2.006	2.947	3.777	4.706	5.565	6.383	7.295	8.183	9.065	9.913	10.853	11.654	12.571	13.384	14.284	15.184	16.054	16.884	17.767	18.667	19.485	20.414	21.331	22.173	23.084	23.891	24.803	25.685	26.532	27.455	28.315	29.185
0.892	1.984	2.982	3.777	4.654	5.577	6.372	7.295	8.137	8.996	9.873	10.825	11.643	12.584	13.425	14.284	15.173	16.038	16.914	17.773	18.598	19.457	20.397	21.366	22.185	23.085	23.973	24.832	25.656	26.533	27.462	28.332	29.116
2.866	3.632	4.544	5.414	6.233	7.115	8.015	8.955	9.815	10.674	11.533	12.421	13.315	14.116	15.091	15.985	16.821	17.675	18.563	19.451	20.316	21.221	22.115	22.992	23.845	24.745	25.604	26.481	27.311	28.251	29.110
3.023	3.795	4.613	5.565	6.378	7.307	8.125	9.025	9.907	10.784	11.678	12.584	13.454	14.308	15.184	16.067	16.926	17.767	18.685	19.555	20.478	21.343	22.168	23.137	23.944	24.815	25.697	26.585	27.514	28.344	29.238
2.936	3.806	4.671	5.565	6.401	7.272	8.212	9.095	9.925	10.801	11.672	12.601	13.431	14.366	15.155	16.043	16.931	17.936	18.754	19.503	20.426	21.326	22.133	23.096	23.996	24.855	25.674	26.603	27.473	28.356	29.203
3.806	4.706	5.612	6.436	7.336	8.183	9.072	9.971	10.854	11.713	12.636	13.443	14.325	15.202	16.125	16.943	17.866	18.754	19.561	20.513	21.372	22.255	23.102	24.031	24.902	25.761	26.626	27.555	28.402	29.255
2.036	2.733	3.661	4.613	5.472	6.384	7.191	8.096	9.025	9.925	10.796	11.701	12.584	13.425	14.226	15.045	16.014	16.891	17.924	18.754	19.613	20.525	21.384	22.266	23.172	24.072	24.954	25.825	26.672	27.491	28.402	29.203
2.042	2.924	3.795	4.683	5.554	6.395	7.342	8.166	9.031	9.902	10.854	11.695	12.566	13.402	14.273	15.184	16.055	16.914	17.825	18.632	19.515	20.426	21.372	22.173	23.085	23.956	24.832	25.703	26.574	27.485	28.356	29.232
0.811	1.461	1.914	2.396	2.953	3.835	4.741	5.676	6.465	7.382	8.241	9.124	10.024	10.854	11.742	12.676	13.524	14.371	15.242	16.101	16.984	17.913	18.725	19.561	20.502	21.442	22.324	23.172	24.043	24.925	25.784	26.655	27.595	28.443	29.302
4.637	5.496	6.378	7.278	8.189	9.008	9.907	10.778	11.684	12.525	13.408	14.319	15.138	16.008	16.914	17.785	18.638	19.509	20.449	21.384	22.208	23.056	23.956	24.838	25.674	26.579	27.479	28.425	29.226
2.036	2.942	3.795	4.671	5.571	6.425	7.324	8.212	9.066	9.925	10.865	11.684	12.601	13.425	14.313	15.225	16.055	16.914	17.872	18.685	19.584	20.473	21.314	22.255	23.114	23.996	24.925	25.732	26.585	27.514	28.356	29.244
2.071	2.872	3.743	4.654	5.554	6.401	7.295	8.201	9.066	9.942	10.813	11.684	12.572	13.443	14.302	15.184	16.061	16.914	17.831	18.661	19.555	20.444	21.384	22.272	23.125	23.996	24.884	25.726	26.591	27.531	28.373	29.232
4.666	5.542	6.413	7.324	8.183	9.054	9.965	10.836	11.666	12.572	13.414	14.273	15.155	16.055	16.931	17.802	18.661	19.509	20.415	21.401	22.232	23.056	23.961	24.873	25.744	26.574	27.491	28.321	29.226
0.195	1.136	1.956	2.866	3.742	4.642	5.524	6.383	7.208	8.165	8.996	9.942	10.772	11.631	12.502	13.425	14.301	15.131	16.031	16.914	17.813	18.643	19.514	20.344	21.285	22.115	23.026	23.972	24.803	25.673	26.532	27.525	28.315	29.145
1.165	2.035	2.947	3.777	4.636	5.478	6.424	7.306	8.258	9.007	9.919	10.836	11.666	12.566	13.425	14.307	15.207	16.037	16.919	17.866	18.696	19.485	20.478	21.320	22.254	23.096	23.978	24.808	25.679	26.585	27.554	28.349	29.226
1.525	2.135	2.953	3.806	4.671	5.664	6.413	7.301	8.172	9.054	9.925	10.883	11.672	12.636	13.454	14.302	15.202	16.061	16.926	17.843	18.673	19.526	20.455	21.332	22.173	23.085	23.921	24.861	25.691	26.562	27.502	28.385	29.255
0.979	1.502	2.042	2.889	3.812	4.671	5.542	6.430	7.318	8.207	9.089	9.948	10.871	11.707	12.607	13.448	14.290	15.178	16.067	16.949	17.837	18.679	19.538	20.449	21.366	22.249	23.137	23.961	24.849	25.697	26.562	27.479	28.402	29.221
2.094	2.988	3.835	4.729	5.594	6.425	7.336	8.218	9.118	9.995	10.888	11.724	12.636	13.495	14.366	15.225	16.084	16.978	17.895	18.696	19.555	20.496	21.384	22.255	23.120	23.979	24.867	25.726	26.585	27.555	28.420	29.226
0.178	1.490	2.088	2.849	3.772	4.619	5.519	6.372	7.237	8.102	9.037	9.919	10.761	11.649	12.491	13.367	14.232	15.039	15.991	16.839	17.727	18.557	19.451	20.368	21.308	22.139	22.951	23.898	24.838	25.668	26.510	27.392	28.280	29.151
