2.529	2.994	3.505	4.015	4.526	4.944	5.409	5.873	6.384	6.848	7.313	7.777	8.241	8.706	9.217	9.635	10.192	10.656	11.074	11.539	12.050	12.514	13.025	13.536	14.000	14.511	14.975	15.486	15.997	16.461	16.926	17.344	17.808	18.319	18.830	19.341	19.759	20.269	20.687	21.245	21.755	22.173	22.638	23.056	23.520	24.031	24.495	25.006	25.471	25.889	26.353	26.864	27.375	27.839	28.303	28.768	29.232	29.743
1.275	3.087	4.526	5.919	7.406	8.799	10.238	11.539	13.118	14.650	16.043	17.390	18.969	20.316	21.802	23.195	24.635	25.982	27.421	28.814
4.526	5.919	7.406	8.799	10.238	11.585	13.025	14.511	15.997	17.437	18.830	20.269	21.755	23.149	24.542	25.935	27.375	28.768
3.180	3.574	4.062	4.573	5.037	5.525	5.989	6.454	6.918	7.406	7.893	8.381	8.845	9.310	9.774	10.215	10.680	11.190	11.632	12.142	12.607	13.094	13.559	14.046	14.534	14.998	15.532	15.997	16.508	16.949	17.437	17.924	18.365	18.876	19.341	19.851	20.293	20.780	21.268	21.755	22.220	22.684	23.125	23.613	24.101	24.565	25.076	25.517	25.982	26.423	26.887	27.375	27.862	28.350	28.814	29.302	29.813
3.040	3.551	4.044	4.526	5.020	5.455	5.919	6.384	6.877	7.359	7.824	8.317	8.752	9.217	9.728	10.192	10.656	11.074	11.585	12.032	12.496	13.054	13.536	14.000	14.511	14.975	15.469	15.997	16.461	16.926	17.390	17.854	18.319	18.783	19.248	19.741	20.252	20.716	21.227	21.709	22.173	22.638	23.102	23.549	24.031	24.495	24.960	25.424	25.871	26.353	26.817	27.264	27.793	28.257	28.750	29.232	29.772
2.622	4.526	5.919	7.313	8.752	10.099	11.539	12.560	14.046	15.532	16.972	17.854	18.783	21.245	23.102	24.124	25.471	26.864	27.468	29.743
0.718	1.693	2.715	3.551	4.526	5.502	6.477	7.406	8.381	9.263	10.238	11.167	12.096	13.071	14.046	15.022	15.997	16.972	17.901	18.783	19.805	20.780	21.755	22.731	23.613	24.588	25.517	26.399	27.375	28.350	29.325
4.520	5.896	7.318	8.752	10.145	11.550	13.036	14.522	15.945	17.349	18.737	20.223	21.692	23.102	24.507	25.912	27.305	28.692
5.966	6.372	6.837	7.371	7.835	8.276	8.741	9.217	9.646	10.180	10.668	11.051	11.573	12.084	12.572	13.083	13.605	14.081	14.592	15.010	15.509	16.043	16.543	16.926	17.460	17.889	18.365	18.899	19.352	19.817	20.339	20.803	21.279	21.790	22.278	22.777	23.230	23.648	24.112	24.600	25.053	25.505	25.958	26.446	26.910	27.386	27.874	28.373	28.756	29.290	29.755
1.617	3.069	4.543	5.948	7.399	8.792	10.215	11.538	13.117	14.539	16.054	17.401	18.870	20.292	21.807	23.148	24.559	25.929	27.450	28.773
4.538	5.966	7.278	8.776	10.169	11.469	13.013	14.453	15.823	17.216	18.760	20.235	21.546	23.056	24.553	25.947	27.351	28.663	29.999
1.583	2.047	2.546	3.045	3.521	4.056	4.532	5.008	5.507	5.994	6.447	6.935	7.388	7.840	8.328	8.758	9.245	9.710	10.186	10.650	11.103	11.579	12.078	12.600	13.076	13.587	14.075	14.528	15.015	15.491	15.991	16.443	16.943	17.419	17.871	18.359	18.835	19.288	19.775	20.275	20.739	21.250	21.726	22.202	22.666	23.121	23.607	24.106	24.570	25.046	25.511	25.952	26.405	26.857	27.357	27.844	28.309	28.773	29.249	29.795
1.850	3.116	4.515	5.972	7.371	8.810	10.192	11.614	13.135	14.604	16.061	17.425	18.870	20.304	21.790	23.172	24.594	26.022	27.392	28.832
1.682	3.092	4.515	5.902	7.272	8.723	10.076	11.544	13.094	14.511	15.962	17.384	18.905	20.322	21.732	23.166	24.611	25.953	27.404	28.716
0.724	1.264	1.769	2.274	2.762	3.423	4.393	5.983	7.342	8.816	10.192	11.573	13.164	14.563	16.014	17.373	18.934	20.316	21.784	23.276	24.304	25.691	26.951	28.803
2.094	2.495	2.982	3.516	4.004	4.474	4.985	5.461	5.925	6.436	6.842	7.313	7.783	8.236	8.712	9.153	9.611	10.076	10.581	11.022	11.486	12.003	12.473	12.961	13.495	13.942	14.476	14.935	15.434	15.904	16.392	16.833	17.344	17.825	18.336	18.801	19.271	19.741	20.264	20.705	21.204	21.692	22.185	22.632	23.143	23.572	24.066	24.524	24.971	25.436	25.941	26.341	26.812	27.322	27.793	28.263	28.756	29.215	29.691
0.225	0.625	1.043	1.612	2.175	2.622	3.104	3.586	4.056	4.555	5.066	5.496	5.972	6.425	6.941	7.481	7.922	8.305	8.776	9.223	9.722	10.204	10.674	11.144	11.614	12.073	12.613	13.135	13.582	14.035	14.563	15.033	15.544	16.032	16.496	16.984	17.402	17.872	18.342	18.876	19.346	19.811	20.316	20.763	21.221	21.761	22.191	22.655	23.131	23.596	24.072	24.542	24.971	25.482	25.964	26.394	26.893	27.386	27.833	28.344	28.803	29.314	29.685
0.607	1.147	1.646	2.088	2.645	3.115	3.556	4.044	4.578	5.077	5.518	5.954	6.447	6.935	7.388	7.858	8.316	8.758	9.234	9.704	10.215	10.667	11.155	11.608	12.095	12.624	13.117	13.605	14.127	14.609	15.039	15.509	15.956	16.455	16.925	17.355	17.866	18.417	18.864	19.357	19.834	20.327	20.774	21.256	21.755	22.225	22.678	23.154	23.618	24.094	24.588	25.035	25.557	25.963	26.416	26.863	27.334	27.856	28.367	28.825	29.267	29.766
1.124	2.035	3.016	3.974	4.967	5.855	6.778	7.777	8.763	9.663	10.598	11.486	12.525	13.413	14.377	15.416	16.356	17.337	18.284	19.265	20.124	21.058	21.947	22.748	23.694	24.686	25.795
1.786	3.052	4.491	5.966	11.585	13.036	14.441	16.235	17.361	18.824	20.223	21.645	23.044	24.455	25.924	27.421	28.611
1.606	3.138	4.468	6.006	7.388	8.856	10.226	11.585	13.024	14.464	16.025	17.419	18.899	20.304	21.778	23.154	24.588	25.917	27.357	28.756
0.213	1.641	3.121	4.514	5.954	7.341	8.734	10.081	11.561	13.024	14.592	15.962	17.355	18.800	20.275	21.732	23.090	24.530	25.923	27.310	28.802
0.283	1.595	3.145	4.584	5.966	7.394	8.776	10.244	11.591	13.065	14.522	16.003	17.431	18.801	20.322	21.755	23.131	24.571	25.935	27.351	28.762
5.925	7.295	8.654	9.890	11.364	12.833	14.342	15.794	17.245	18.574	20.130	21.471	22.945	24.136	25.813	27.264	28.594
8.845	10.024	11.562	13.036	14.586	15.921	17.373	18.772	20.333	21.773	23.125	24.571	25.894	27.386	28.762
3.092	4.486	5.594	6.036	7.342	8.752	10.163	11.585	13.002	14.453	15.991	17.396	18.824	20.386	21.703	23.172	24.536	25.953	27.276	28.733
4.526	5.954	7.382	8.863	10.204	11.603	13.106	14.546	15.991	17.425	18.435	20.281	21.761	23.166	24.553	26.005	27.386	28.832
1.664	3.034	4.294	5.704	7.092	8.432	9.785	11.126	12.635	14.133	15.636	17.064	18.492	19.926	21.372	22.806	24.176	25.592	26.974	28.413
4.613	5.972	7.411	8.822	10.186	11.626	13.152	14.644	16.061	17.466	18.865	20.357	21.796	23.154	24.594	26.005	27.526	28.843
4.613	6.012	7.382	8.816	10.215	11.666	13.083	14.575	16.096	17.495	18.934	20.362	21.813	23.236	24.635	26.022	27.473	28.884
1.664	3.075	4.515	4.973	5.432	5.931	6.413	6.883	7.336	7.806	8.282	8.776	9.223	9.664	10.151	10.616	11.092	11.556	12.061	12.566	13.083	13.541	14.046	14.522	14.975	15.486	15.991	16.444	16.966	17.431	17.831	18.325	18.836	19.271	19.834	20.281	20.751	21.221	21.761	22.185	22.696	23.166	23.561	24.107	24.553	25.024	25.505	25.941	26.365	26.852	27.351	27.857	28.292	28.756	29.203	29.743
3.121	4.544	5.954	7.411	8.776	11.573	13.094	14.563	16.043	17.425	18.865	20.264	21.744	23.166	24.582	25.993	27.380	28.803
1.664	3.127	4.578	5.989	7.376	8.827	10.278	11.608	13.105	14.568	16.049	17.419	18.876	20.304	21.796	23.148	24.564	25.934	27.444	28.814
10.175	11.603	13.071	14.575	16.043	17.454	18.882	20.322	21.761	23.201	24.565	25.964	27.404	28.791
0.498	1.635	3.058	4.387	5.856	7.255	8.746	10.076	11.510	12.949	14.470	15.892	17.286	18.679	20.200	21.639	23.108	24.466	25.900	27.386	28.779
3.075	4.085	4.695	5.078	5.467	5.995	6.529	6.895	7.388	7.887	8.334	8.787	9.286	9.780	10.238	10.714	11.167	11.637	12.137	12.618	13.089	13.576	14.029	14.528	15.004	15.509	15.997	16.496	16.949	17.396	17.854	18.360	18.836	19.335	19.788	20.246	20.745	21.198	21.674	22.179	22.678	23.137	23.619	24.066	24.536	25.029	25.500	25.964	26.417	26.870	27.357	27.857	28.309	28.756	29.215	29.790
1.711	3.162	4.561	5.966	7.452	8.822	10.233	11.591	13.152	14.592	16.043	17.524	18.882	20.374	21.773	23.131	24.582	25.993	27.404	28.832
3.127	4.608	5.972	7.411	8.822	10.250	11.690	13.100	14.609	16.020	17.448	18.859	20.327	21.767	23.207	24.658	25.999	27.549	28.878
3.127	4.654	6.018	7.487	8.874	10.296	11.626	13.199	14.598	16.084	17.489	18.928	20.374	21.848	23.224	24.617	26.005	27.479	28.925
0.242	1.165	2.106	2.965	4.044	4.567	5.937	7.324	8.735	10.105	11.533	13.013	14.563	15.904	17.355	18.853	20.327	21.755	23.125	24.594	25.964	27.392	28.814
