0.765	1.183	1.461	1.833	2.251	2.622	3.023	3.412	3.830	4.201	4.573	5.037	5.438	5.809	6.181	6.552	6.988	7.406	7.777	8.131	8.520	8.938	9.339	9.710	10.099	10.517	10.888	11.260	11.632	12.079	12.404	12.775	13.164	13.611	14.000	14.371	14.743	15.161	15.532	15.904	16.305	16.740	17.111	17.512	17.883	18.319	18.690	19.108	19.526	19.880	20.316	20.687	21.041	21.430	21.848	22.295	22.684	23.085	23.427	23.828	24.217	24.635	25.099	25.453	25.796	26.167	26.568	26.939	27.311	27.729	28.147	28.536	28.954	29.325	29.697
1.090	1.839	2.721	3.464	4.248	5.043	5.832	6.622	7.406	8.201	8.990	9.733	10.517	11.266	12.055	12.839	13.588	14.424	15.167	15.956	16.699	17.535	18.325	19.161	19.904	20.693	21.483	22.272	23.108	23.938	24.687	25.430	26.214	27.009	27.799	28.588	29.372
0.305	1.466	5.391	6.180	7.411	8.549	9.779	10.917	12.101	13.239	14.423	15.584	16.792	17.953	19.137	20.298	21.505	22.689	23.874	25.081	26.242	27.380	28.587	29.772
1.118	1.443	1.861	2.279	2.651	3.069	3.481	3.858	4.230	4.648	5.066	5.437	5.855	6.227	6.645	7.016	7.434	7.806	8.223	8.595	9.013	9.384	9.802	10.174	10.592	10.963	11.381	11.794	12.171	12.589	12.960	13.378	13.796	14.168	14.586	15.004	15.375	15.793	16.165	16.536	16.948	17.372	17.744	18.162	18.533	18.951	19.276	19.694	20.112	20.484	20.902	21.320	21.691	22.109	22.527	22.898	23.316	23.688	24.106	24.477	24.849	25.267	25.639	26.056	26.428	26.892	27.264	27.635	28.053	28.471	28.843	29.261	29.632
1.839	2.257	2.674	3.046	3.464	3.835	4.253	4.671	5.043	5.455	5.832	6.204	6.622	6.993	7.365	7.783	8.154	8.526	8.944	9.315	9.733	10.105	10.523	10.894	11.266	11.684	12.050	12.427	12.798	13.170	13.588	14.006	14.377	14.749	15.167	15.579	15.956	16.328	16.746	17.117	17.489	17.860	18.278	18.696	19.068	19.486	19.904	20.275	20.693	21.065	21.483	21.854	22.266	22.644	23.062	23.433	23.851	24.269	24.641	25.012	25.430	25.848	26.220	26.591	27.003	27.380	27.706	28.123	28.541	28.959	29.331	29.703
1.508	2.111	2.947	3.685	4.433	5.264	6.105	6.848	7.731	8.659	9.495	10.471	11.306	12.235	13.071	13.954	14.836	15.718	16.647	17.529	18.458	19.341	20.130	20.920	21.796	22.545	23.242	24.170	25.140	26.074	26.951	27.839	28.721	29.557
1.118	1.443	1.861	2.233	2.651	3.022	3.440	3.858	4.259	4.630	5.019	5.437	5.809	6.163	6.552	6.999	7.388	7.788	8.177	8.549	8.967	9.367	9.756	10.127	10.499	10.900	11.271	11.660	12.032	12.432	12.775	13.193	13.640	14.011	14.400	14.771	15.189	15.561	15.933	16.351	16.768	17.140	17.511	17.883	18.301	18.719	19.090	19.491	19.880	20.298	20.716	21.087	21.459	21.877	22.277	22.649	23.084	23.456	23.856	24.245	24.646	25.035	25.435	25.824	26.242	26.614	26.985	27.357	27.775	28.193	28.564	28.965	29.336	29.679
4.991	5.815	6.570	7.313	8.114	8.915	9.693	10.471	11.225	12.003	12.769	13.536	14.290	15.126	15.916	16.694	17.495	18.307	19.039	19.770	20.618	21.442	22.220	22.986	23.799	24.553	25.366	26.225	27.015	27.828	28.547	29.221
1.194	1.850	2.599	5.037	5.385	5.774	6.134	6.552	6.930	7.353	7.725	8.149	8.508	8.915	9.286	9.710	10.099	10.494	10.900	11.289	11.649	12.038	12.433	12.851	13.164	13.570	13.948	14.366	14.697	15.103	15.521	15.927	16.322	16.740	17.117	17.506	17.883	18.261	18.615	19.056	19.462	19.851	20.258	20.647	21.053	21.459	21.883	22.261	22.696	23.038	23.398	23.869	24.275	24.635	25.006	25.413	25.807	26.167	26.585	26.992	27.334	27.729	28.100	28.524	28.896	29.290	29.662
3.476	4.213	5.055	5.803	6.587	7.400	8.166	8.961	9.757	10.540	11.272	12.026	12.822	13.617	14.383	15.167	15.945	16.728	17.541	18.319	19.120	19.886	20.711	21.494	22.272	23.102	23.898	24.635	25.413	26.225	26.992	27.775	28.570	29.337
5.867	6.541	7.231	8.009	8.903	9.745	10.529	11.289	12.090	12.856	13.652	14.383	15.196	15.997	16.821	17.622	18.336	19.120	19.979	20.699	21.512	22.336	23.120	23.903	24.670	25.465	26.231	27.009	27.857	28.559	29.354
1.125	1.473	1.891	2.286	2.692	3.075	3.470	3.911	4.282	4.677	5.084	5.455	5.838	6.221	6.628	7.034	7.417	7.800	8.183	8.578	8.973	9.379	9.762	10.145	10.517	10.923	11.295	11.666	12.073	12.456	12.827	13.199	13.628	14.012	14.418	14.778	15.161	15.544	15.950	16.358	16.728	17.135	17.529	17.924	18.307	18.714	19.155	19.550	19.921	20.235	20.699	21.105	21.512	21.895	22.278	22.707	23.079	23.474	23.880	24.287	24.658	25.064	25.436	25.831	26.260	26.608	27.026	27.386	27.874	28.199	28.594	28.988	29.360	29.766
1.693	2.053	2.448	2.836	3.237	3.626	4.027	4.404	4.816	5.275	5.733	6.186	6.604	7.033	7.434	7.858	8.276	8.688	9.123	9.524	9.948	10.395	10.795	11.254	11.677	12.084	12.513	12.937	13.338	13.727	14.145	14.534	14.975	15.387	15.805	16.234	16.623	17.006	17.407	17.767	18.138	18.533	18.916	19.305	19.688	20.037	20.443	20.878	21.273	21.645	22.057	22.446	22.846	23.264	23.653	24.054	24.466	24.837	25.244	25.615	25.998	26.428	26.805	27.217	27.583	28.007	28.396	28.767	29.145	29.528	29.963
1.078	1.478	1.844	2.227	2.616	3.016	3.417	3.818	4.206	4.607	5.008	5.408	5.803	6.163	6.557	6.975	7.347	7.777	8.165	8.554	8.943	9.303	9.698	10.127	10.528	10.917	11.283	11.666	12.055	12.426	12.804	13.216	13.628	13.994	14.394	14.795	15.166	15.555	15.915	16.298	16.676	17.105	17.517	17.918	18.313	18.713	19.125	19.526	19.886	20.275	20.635	21.087	21.488	21.894	22.266	22.678	23.107	23.456	23.856	24.234	24.605	25.017	25.383	25.778	26.213	26.585	27.003	27.438	27.844	28.233	28.663	29.034	29.435	29.806
0.114	0.673	1.084	1.444	1.740	2.071	2.495	2.878	3.261	3.661	4.050	4.445	4.846	5.240	5.600	6.024	6.413	6.761	7.185	7.593	7.974	8.358	8.781	9.170	9.553	9.942	10.343	10.761	11.115	11.463	11.852	12.270	12.624	13.054	13.431	13.820	14.221	14.621	14.993	15.370	15.782	16.183	16.595	16.984	17.390	17.791	18.145	18.563	18.963	19.335	19.753	20.124	20.542	20.925	21.285	21.693	22.115	22.533	22.945	23.305	23.723	24.095	24.472	24.902	25.291	25.633	26.063	26.463	26.852	27.282	27.630	28.042	28.443	28.820	29.180	29.604	29.941
5.978	6.378	6.779	7.168	7.545	7.928	8.329	8.706	9.106	9.478	9.884	10.244	10.645	11.045	11.417	11.817	12.235	12.624	13.025	13.396	13.785	14.174	14.546	14.969	15.335	15.747	16.125	16.496	16.908	17.309	17.675	18.116	18.458	18.899	19.288	19.735	20.089	20.455	20.856	21.256	21.639	22.005	22.487	22.876	23.276	23.688	24.089	24.437	24.849	25.215	25.627	25.999	26.399	26.794	27.177	27.566	27.949	28.356	28.756	29.099	29.499	29.877
0.294	0.695	1.084	1.473	1.873	2.291	2.686	3.081	3.452	3.876	4.253	4.666	5.055	5.455	5.861	6.233	6.616	7.022	7.423	7.806	8.172	8.601	9.002	9.362	9.751	10.134	10.546	10.912	11.283	11.713	12.084	12.456	12.856	13.205	13.646	14.006	14.412	14.813	15.213	15.573	15.974	16.374	16.763	17.135	17.541	17.924	18.365	18.731	19.132	19.532	19.921	20.281	20.716	21.123	21.523	21.912	22.301	22.696	23.125	23.462	23.932	24.292	24.704	25.105	25.442	25.842	26.272	26.626	27.044	27.375	27.857	28.315	28.646	28.965	29.331	29.726
0.672	1.154	1.432	1.844	2.216	2.634	3.011	3.365	3.853	4.236	4.613	5.014	5.385	5.774	6.192	6.575	6.982	7.382	7.771	8.154	8.561	8.944	9.304	9.745	10.122	10.505	10.871	11.225	11.655	12.003	12.404	12.856	13.234	13.605	13.942	14.331	14.766	15.173	15.534	15.904	16.316	16.746	17.106	17.506	17.883	18.302	18.696	19.103	19.474	19.875	20.264	20.664	21.065	21.465	21.854	22.255	22.684	23.085	23.491	23.851	24.246	24.611	25.076	25.424	25.825	26.202	26.603	26.986	27.386	27.804	28.153	28.553	28.936	29.325	29.674
1.855	2.215	2.604	2.976	3.405	3.812	4.183	4.595	5.013	5.431	5.785	6.151	6.546	6.912	7.306	7.701	8.154	8.525	8.914	9.332	9.692	10.075	10.464	10.853	11.236	11.596	11.962	12.362	12.746	13.134	13.564	13.965	14.336	14.713	15.085	15.486	15.886	16.333	16.716	17.105	17.506	17.883	18.284	18.655	19.085	19.474	19.845	20.222	20.623	21.035	21.453	21.836	22.243	22.655	23.026	23.433	23.804	24.245	24.634	25.035	25.406	25.784	26.161	26.585	26.991	27.334	27.723	28.146	28.541	28.901	29.284	29.632
1.856	2.663	3.435	4.271	5.026	5.786	6.604	7.377	8.125	8.955	9.693	10.523	11.272	12.032	12.856	13.605	14.371	15.115	15.916	16.694	17.524	17.715	18.261	19.091	19.904	20.693	21.512	22.255	23.062	23.822	24.582	25.465	26.283	26.963	27.793	28.524	29.284
1.171	1.868	2.651	3.458	4.230	5.037	5.838	6.570	7.400	8.207	9.002	9.728	10.529	11.312	12.067	12.862	13.599	14.401	15.178	15.950	16.810	17.570	18.348	19.137	19.979	20.751	21.488	22.371	23.149	23.869	24.681	25.389	26.237	27.061	27.868	28.582	29.389
0.463	1.032	1.821	2.622	3.394	4.172	4.985	5.792	6.535	7.284	8.073	8.926	9.704	10.494	11.254	12.026	12.775	13.524	14.325	15.155	15.881	16.705	17.541	18.296	19.114	19.886	20.664	21.465	22.295	23.044	23.845	24.635	25.395	26.185	26.992	27.723	28.524	29.273
0.196	0.805	1.212	1.873	2.286	2.651	3.046	3.412	3.812	4.224	4.631	5.002	5.403	5.815	6.221	6.604	6.993	7.406	7.765	8.172	8.555	8.955	9.321	9.716	10.175	10.552	10.894	11.283	11.626	12.015	12.404	12.793	13.181	13.623	13.983	14.354	14.772	15.173	15.532	15.945	16.351	16.694	17.065	17.535	17.872	18.284	18.696	19.056	19.433	19.886	20.275	20.705	21.076	21.442	21.825	22.232	22.626	23.056	23.445	23.822	24.153	24.565	25.053	25.366	25.773	26.214	26.585	27.003	27.404	27.775	28.106	28.501	28.896	29.244	29.633
1.473	2.222	3.005	3.795	4.596	5.385	6.146	6.941	7.725	8.514	9.304	10.053	10.906	11.643	12.421	13.176	13.954	14.743	15.544	16.334	17.123	17.866	18.702	19.515	20.281	21.082	21.872	22.696	23.474	24.246	25.041	25.836	26.614	27.375	28.153	28.896	29.703
2.291	2.651	3.034	3.435	3.824	4.224	4.654	5.055	5.432	5.803	6.204	6.593	7.011	7.406	7.806	8.183	8.561	8.955	9.333	9.704	10.082	10.494	10.906	11.312	11.684	12.032	12.421	12.804	13.135	13.524	13.971	14.366	14.755	15.145	15.544	15.956	16.351	16.746	17.135	17.535	17.942	18.342	18.754	19.091	19.462	19.834	20.246	20.623	21.094	21.494	21.883	22.272	22.684	23.085	23.485	23.886	24.252	24.675	25.041	25.442	25.836	26.225	26.626	26.992	27.392	27.775	28.182	28.582	28.954	29.302	29.691
10.517	10.923	11.266	11.655	12.026	12.456	12.816	13.205	13.588	13.965	14.337	14.755	15.138	15.515	15.916	16.287	16.688	17.094	17.477	17.878	18.267	18.685	19.074	19.497	19.869	20.258	20.635	20.995	21.396	21.767	22.197	22.615	23.056	23.445	23.845	24.234	24.629	24.995	25.378	25.784	26.196	26.585	26.974	27.357	27.746	28.158	28.576	28.948	29.325	29.685
5.066	5.414	5.856	6.216	6.604	7.028	7.429	7.789	8.189	8.549	8.938	9.339	9.687	10.076	10.505	10.836	11.248	11.678	12.055	12.409	12.816	13.240	13.576	13.948	14.354	14.737	15.109	15.527	15.927	16.368	16.775	17.129	17.518	17.895	18.284	18.777	19.166	19.579	19.956	20.327	20.699	21.088	21.488	21.889	22.214	22.667	23.044	23.468	23.857	24.287	24.629	25.018	25.424	25.836	26.179	26.614	27.009	27.409	27.775	28.147	28.524	28.907	29.308	29.639
1.165	2.361	2.733	3.104	3.481	3.853	4.253	4.625	5.002	5.403	5.774	6.152	6.581	6.993	7.394	7.771	8.172	8.555	8.961	9.356	9.762	10.145	10.563	10.964	11.376	11.765	12.142	12.502	12.914	13.356	13.745	14.186	14.644	15.085	15.503	15.956	16.386	16.821	17.222	17.651	18.092	18.545	18.992	19.445	19.886	20.293	20.722	21.123	21.564	21.982	22.382	22.864	23.323	23.752	24.194	24.635	25.076	25.505	25.964	26.376	26.806	27.235	27.671	28.153	28.611	29.023	29.453
1.868	2.251	2.651	3.011	3.429	3.812	4.219	4.608	5.031	5.368	5.792	6.169	6.581	6.930	7.382	7.760	8.137	8.520	8.938	9.310	10.122	10.540	10.918	11.260	11.637	12.061	12.427	12.810	13.187	13.611	13.988	14.371	14.789	15.167	15.538	15.968	16.351	16.752	17.129	17.529	17.889	18.302	18.679	19.097	19.480	19.898	20.240	20.682	21.099	21.477	21.901	22.278	22.661	23.038	23.450	23.869	24.211	24.629	24.989	25.407	25.790	26.208	26.591	27.009	27.392	27.769	28.112	28.530	28.942	29.360	29.697
1.525	1.897	2.297	2.686	3.087	3.476	3.835	4.224	4.654	5.066	5.455	5.856	6.239	6.639	7.005	7.394	7.829	8.207	8.578	8.967	9.379	9.757	10.128	10.517	10.935	11.324	11.707	12.096	12.496	12.868	13.269	13.657	14.035	14.435	14.807	15.196	15.608	15.985	16.409	16.815	17.175	17.587	17.965	18.365	18.766	19.155	19.544	19.967	20.316	20.705	21.105	21.517	21.947	22.365	22.765	23.154	23.549	23.927	24.327	24.687	25.076	25.488	25.889	26.289	26.655	27.038	27.444	27.845	28.205	28.617	29.017	29.377	29.755
1.101	1.833	2.216	2.622	3.011	3.406	3.812	4.195	4.584	5.026	5.426	5.792	6.187	6.552	6.953	7.336	7.736	8.154	8.526	8.932	9.304	9.664	10.041	10.453	10.865	11.225	11.591	11.991	12.392	12.763	13.141	13.565	13.954	14.371	14.772	15.144	15.532	15.875	16.293	16.694	17.094	17.506	17.901	18.284	18.702	19.103	19.503	19.875	20.264	20.652	21.053	21.442	21.866	22.272	22.655	23.021	23.416	23.834	24.246	24.652	25.041	25.395	25.784	26.196	26.591	26.974	27.386	27.764	28.153	28.524	28.925	29.273	29.656
1.862	2.704	3.452	4.253	5.014	5.803	6.616	7.382	8.154	8.961	9.733	10.511	11.306	12.044	12.845	13.623	14.383	15.184	15.974	16.763	17.576	18.371	19.132	19.921	20.705	21.471	22.313	23.096	23.874	24.675	25.436	26.295	27.055	27.793	28.565	29.302
1.142	1.496	1.914	2.262	2.651	3.046	3.452	3.853	4.253	4.654	5.055	5.432	5.856	6.221	6.633	6.982	7.394	7.783	8.183	8.561	8.961	9.373	9.762	10.122	10.523	10.906	11.306	11.643	12.084	12.444	12.833	13.222	13.605	14.012	14.424	14.755	15.184	15.562	15.974	16.403	16.746	17.175	17.553	17.942	18.302	18.731	19.132	19.526	19.915	20.293	20.693	21.105	21.506	21.895	22.324	22.696	23.102	23.503	23.851	24.292	24.681	25.064	25.436	25.842	26.225	26.643	27.015	27.392	27.764	28.176	28.576	28.942	29.325	29.714
6.604	7.394	8.195	8.984	9.742	10.505	11.254	12.044	12.833	13.623	14.424	15.196	15.956	16.734	17.506	18.296	19.126	19.933	20.693	21.535	22.336	23.085	23.828	24.623	25.424	26.225	27.015	27.816	28.611	29.343
1.212	1.856	2.222	2.651	3.023	3.406	3.772	4.166	4.613	4.996	5.414	5.792	6.163	6.546	6.964	7.336	7.765	8.131	8.474	8.886	9.275	9.681	10.105	10.476	10.883	11.295	11.632	12.055	12.433	12.804	13.222	13.634	13.971	14.406	14.743	15.155	15.521	15.962	16.334	16.746	17.152	17.541	17.901	18.302	18.714	19.085	19.503	19.915	20.293	20.722	21.111	21.494	21.866	22.295	22.661	23.056	23.474	23.886	24.275	24.652	25.076	25.436	25.802	26.196	26.614	26.992	27.351	27.723	28.141	28.541	28.965	29.331	29.795
0.823	1.136	1.513	1.885	2.262	2.651	3.023	3.406	3.824	4.195	4.625	5.026	5.414	5.792	6.216	6.581	7.011	7.382	7.806	8.154	8.572	8.944	9.321	9.745	10.163	10.546	10.883	11.306	11.684	12.055	12.473	12.856	13.245	13.634	14.046	14.441	14.795	15.213	15.631	15.962	16.386	16.770	17.181	17.564	17.942	18.365	18.743	19.114	19.555	19.934	20.322	20.693	21.076	21.494	21.912	22.295	22.713	23.102	23.445	23.863	24.246	24.664	25.041	25.442	25.825	26.196	26.614	27.044	27.386	27.793	28.193	28.576	28.942	29.366	29.714
1.554	1.972	2.651	3.365	3.946	4.474	4.973	5.385	5.803	6.187	6.575	6.993	7.365	7.794	8.166	8.543	8.961	9.333	9.751	10.151	10.523	10.941	11.324	11.666	12.061	12.386	12.804	13.222	13.642	14.023	14.406	14.795	15.161	15.544	15.962	16.334	16.723	17.135	17.605	17.976	18.325	18.743	19.114	19.491	19.915	20.293	20.716	21.105	21.506	21.906	22.301	22.696	23.073	23.491	23.863	24.252	24.646	25.053	25.436	25.854	26.225	26.608	26.992	27.415	27.793	28.164	28.553	28.936	29.354	29.726
1.200	1.827	2.570	3.232	3.859	4.451	5.037	5.560	6.181	6.808	7.400	7.969	8.561	9.147	9.728	10.279	10.912	11.481	12.067	12.618	13.181	13.779	14.377	14.929	15.492	16.078	16.659	17.257	17.878	18.522	19.137	19.689	20.287	20.867	21.459	22.057	22.649	23.230	23.851	24.420	25.012	25.598	26.231	26.817	27.392	27.978	28.611	29.197	29.679
1.850	2.837	4.132	5.449	6.570	7.707	8.781	10.029	11.150	12.258	13.588	14.760	15.962	17.210	18.348	19.509	20.699	21.837	23.137	24.257	25.401	26.428	27.590	28.808	29.917
0.190	1.078	1.461	2.251	2.651	3.040	3.388	3.789	4.190	4.602	5.008	5.409	5.798	6.152	6.581	6.959	7.382	7.742	8.102	8.491	8.909	9.292	9.652	10.018	10.407	10.801	11.219	11.980	12.398	12.787	13.147	13.541	13.930	14.348	14.708	15.132	15.521	15.910	16.299	16.728	17.129	17.587	17.942	18.267	18.661	19.091	19.509	19.927	20.298	20.658	21.047	21.442	21.872	22.237	22.632	23.038	23.427	23.799	24.228	24.629	25.047	25.378	25.819	26.208	26.620	26.910	27.317	27.740	28.147	28.507	28.901	29.308	29.627
