1.264	1.833	2.564	3.319	4.143	4.805	5.548	6.245	6.988	7.731	8.474	9.170	9.960	10.656	11.399	12.142	12.920	13.582	14.313	15.022	15.800	16.450	17.204	17.947	18.690	19.387	20.130	20.908	21.616	22.359	23.056	23.752	24.542	25.285	26.028	26.724	27.468	28.164	28.907	29.650
4.178	5.641	7.057	8.543	10.006	11.492	12.955	14.371	15.881	17.297	18.806	20.177	21.663	23.149	24.681	26.074	27.584	28.977
4.155	5.548	6.895	8.474	9.960	11.399	12.885	14.325	15.858	17.251	18.783	20.177	21.663	23.149	24.635	26.028	27.560	29.000
2.669	3.412	4.155	4.851	5.594	6.337	7.034	7.777	8.520	9.217	9.960	10.703	11.399	12.189	12.932	13.628	14.325	15.068	15.858	16.601	17.297	18.040	18.737	19.480	20.223	20.920	21.663	22.452	23.149	23.892	24.635	25.331	26.028	26.817	27.514	28.257	29.000	29.743
4.108	4.480	4.851	5.223	5.594	5.919	6.291	6.663	7.034	7.406	7.777	8.149	8.474	8.845	9.217	9.588	9.960	10.331	10.703	11.028	11.399	11.771	12.142	12.514	12.885	13.245	13.617	13.954	14.325	14.697	15.068	15.440	15.811	16.183	16.543	16.879	17.251	17.622	17.994	18.365	18.737	19.108	19.480	19.840	20.211	20.548	20.920	21.291	21.663	22.034	22.406	22.777	23.137	23.509	23.892	24.217	24.588	24.960	25.331	25.703	26.074	26.434	26.806	27.142	27.514	27.886	28.245	28.582	29.000	29.325	29.697
4.671	6.018	7.272	8.572	9.873	11.173	12.613	13.634	14.377	15.167	15.910	16.653	17.442	18.185	19.015	19.764	20.600	21.343	22.220	23.015	23.799	24.594	25.337	26.127	26.823	28.216	29.656
0.921	2.529	3.801	5.194	6.541	7.452	8.195	8.892	9.652	10.349	11.028	11.788	12.560	13.274	13.971	14.714	15.440	16.183	16.897	17.622	18.365	19.108	19.822	20.548	21.262	21.959	22.684	23.398	24.170	24.867	25.563	26.231	26.835	27.514	28.135	28.861	29.604
7.051	8.555	10.018	11.457	12.909	14.366	15.834	17.257	18.754	20.194	21.674	23.131	24.611	26.069	27.537	29.006
15.723	16.490	17.221	17.988	18.789	19.474
1.246	2.697	4.172	5.634	7.028	8.537	9.965	11.428	12.867	14.365	15.828	17.244	18.789	20.240	21.668	23.189	24.663	26.056	27.554	28.982
2.808	3.435	4.184	4.921	5.577	6.343	7.092	7.794	8.607	9.281	10.064	10.714	11.469	12.171	12.903	13.698	14.360	15.109	15.823	16.589	17.326	18.063	18.714	19.497	20.281	20.873	21.622	22.464	23.172	23.903	24.658	25.355	26.109	26.812	27.549	28.327	29.046	29.766
0.556	1.090	1.821	2.611	3.342	4.097	4.805	5.571	6.268	6.988	7.731	8.462	9.217	9.925	10.633	11.399	12.119	12.885	13.582	14.290	15.010	15.765	16.519	17.251	17.994	18.714	19.468	20.165	20.908	21.639	22.359	23.102	23.845	24.565	25.296	26.074	26.806	27.526	28.245	28.954	29.674
1.287	1.978	2.715	3.406	4.149	4.869	5.565	6.297	7.028	7.736	8.538	9.257	9.965	10.697	11.405	12.154	12.885	13.594	14.313	15.056	15.759	16.485	17.297	17.988	18.777	19.445	20.188	20.908	21.657	22.353	23.114	23.857	24.617	25.325	26.034	26.788	27.473	28.187	28.925	29.674
1.368	2.065	2.669	3.307	3.981	4.700	5.420	6.187	6.918	7.638	8.450	9.217	9.890	10.616	11.335	12.096	12.839	13.559	14.209	14.987	15.759	16.421	17.169	17.895	18.615	19.306	20.078	20.809	21.575	22.266	22.980	23.758	24.495	25.238	25.947	26.695	27.450	28.211	28.930	29.656
0.155	0.834	1.374	2.244	3.086	3.818	4.595	5.246	6.035	6.726	7.417	8.125	8.885	9.535	10.226	11.004	11.805	12.525	13.233	13.959	14.713	15.474	16.229	16.884	17.628	18.417	19.154	19.834	20.605	21.378	22.074	22.707	23.526	24.257	24.994	25.824	26.765	27.531	28.274	28.953	29.714
3.336	4.085	4.817	5.554	6.274	7.017	7.742	8.468	9.176	9.936	10.616	11.312	12.055	12.816	13.483	14.197	14.964	15.753	16.467	17.146	17.924	18.673	19.335	20.078	20.856	21.616	22.307	22.986	23.747	24.536	25.215	25.935	26.684	27.444	28.123	28.814	29.592
0.265	0.874	1.588	2.657	3.475	4.183	4.874	5.588	6.296	7.033	7.887	8.525	9.216	9.948	10.656	11.364	12.124	12.856	13.576	14.284	15.056	15.747	16.478	17.163	17.959	18.684	19.427	20.188	20.907	21.598	22.347	23.026	23.787	24.553	25.284	25.987	26.736	27.467	28.187	28.936	29.644
0.881	1.972	2.674	3.365	4.224	4.817	5.565	6.366	7.022	7.765	8.526	9.193	10.006	10.691	11.423	12.171	12.932	13.611	14.302	15.103	15.823	16.572	17.291	18.046	18.766	19.491	20.084	20.925	21.692	22.423	23.125	23.822	24.537	25.302	26.051	26.783	27.566	28.182	28.965	29.743
1.240	1.884	2.604	3.336	4.044	4.793	5.513	6.215	6.894	7.643	8.392	9.112	9.855	10.580	11.341	12.084	12.821	13.535	14.255	15.004	15.741	16.472	17.250	17.970	18.696	19.450	20.124	20.861	21.563	22.295	23.055	23.804	24.582	25.244	25.981	26.736	27.455	28.210	28.924
3.388	4.126	4.840	5.490	6.245	6.999	7.707	8.468	9.170	9.925	10.685	11.405	12.108	12.856	13.605	14.279	15.056	15.875	16.496	17.210	17.930	18.696	19.468	20.165	20.879	21.645	22.498	23.015	23.758	24.519	25.186	25.976	26.707	27.357	28.048	28.925	29.697
2.006	2.697	3.400	4.189	4.920	5.617	6.401	7.028	7.800	8.549	9.309	10.017	10.720	11.445	12.229	12.937	13.645	14.359	15.166	15.909	16.606	17.326	18.028	18.777	19.590	20.298	20.965	21.738	22.446	23.200	23.938	24.698	25.377	26.080	26.805	27.630	28.326	29.058	29.801
0.898	2.627	4.044	5.484	7.016	8.473	9.953	11.364	12.838	14.307	15.764	17.227	18.736	20.083	21.558	23.084	24.588	26.016	27.485	28.976
1.194	2.633	3.458	4.108	5.576	7.028	8.403	9.948	11.376	12.844	14.295	15.787	17.244	18.707	20.188	21.633	23.067	24.547	25.975	27.438	28.895
3.388	4.108	4.804	5.553	6.256	6.923	7.707	8.456	9.216	9.936	10.638	11.387	12.136	12.873	13.576	14.336	15.056	15.793	16.496	17.227	17.959	18.725	19.265	19.979	20.745	21.546	22.428	23.015	23.758	24.495	25.226	26.016	26.788	27.479	28.187	28.924	29.684
1.786	2.413	3.034	3.742	4.514	5.286	6.006	6.674	7.434	8.154	8.804	9.524	10.244	11.004	11.753	12.537	13.256	13.965	14.696	15.433	16.194	16.902	17.616	18.376	19.143	19.822	20.611	21.354	22.063	22.753	23.514	24.326	24.982	26.045	26.167	26.823	27.537	28.262	29.046	29.702
2.738	3.365	4.166	4.828	5.589	6.297	7.028	7.765	8.497	9.234	9.989	10.697	11.335	12.113	12.874	13.565	14.354	15.085	15.829	16.566	17.245	18.046	18.795	19.474	20.206	20.856	21.448	22.377	23.154	23.845	24.675	25.314	26.098	26.817	27.537	28.257	29.017	29.697
5.931	6.663	7.394	8.154	8.764	9.513	10.215	10.976	11.782	12.525	13.274	13.994	14.702	15.422	16.142	16.862	17.605	18.342	19.044	19.782	20.502	21.285	22.034	22.586	23.311	23.956	24.594	25.331	26.022	26.701	27.491	28.356	28.942	29.755
2.715	4.155	5.873	7.423	8.874	10.273	11.864	13.286	14.755	16.194	17.727	19.155	20.583	21.883	23.102	24.524	25.913	27.386	28.785
2.663	4.103	5.542	7.034	8.543	10.024	11.434	12.914	14.354	15.863	17.245	18.754	20.194	21.645	23.154	24.635	26.034	27.566	29.006
1.502	1.984	2.756	3.452	4.201	4.904	5.612	6.355	7.075	7.853	8.584	9.321	10.064	10.796	11.556	12.264	12.996	13.733	14.453	15.161	15.916	16.665	17.332	18.081	18.841	19.561	20.293	20.983	21.726	22.493	23.166	23.956	24.646	25.395	26.086	26.893	27.595	28.332	29.023	29.801
4.149	4.886	5.554	6.245	6.866	7.615	8.445	9.228	9.954	10.709	11.428	12.166	12.926	13.594	14.308	15.074	15.794	16.525	17.245	18.029	18.754	19.457	20.177	20.937	21.634	22.388	23.114	23.869	24.629	25.349	26.016	26.754	27.514	28.269	29.017	29.766
3.394	4.903	6.302	7.794	9.286	10.702	12.206	13.634	15.143	16.530	18.046	19.503	20.925	22.446	23.885	25.366	26.805	28.245	29.754
2.704	3.388	4.137	4.857	5.594	6.349	7.075	7.824	8.543	9.275	10.018	10.743	11.457	12.177	12.914	13.605	14.337	15.109	15.863	16.554	17.274	18.005	18.777	19.515	20.188	20.949	21.686	22.388	23.178	23.903	24.658	25.366	26.057	26.806	27.566	28.245	28.994	29.714
7.063	8.526	10.006	11.394	12.914	14.354	15.834	17.286	18.754	20.246	21.715	23.166	24.675	26.086	27.555	28.994
0.114	1.339	2.587	4.137	5.605	6.964	8.554	9.994	11.434	12.856	14.365	15.851	17.244	18.754	20.228	21.636	23.136	24.576	26.004	27.525	28.965
1.948	2.314	2.715	3.086	3.388	3.777	4.067	4.497	4.833	5.217	5.634	5.977	6.308	6.645	7.033	7.417	7.788	8.136	8.554	8.897	9.274	9.634	9.977	10.355	10.696	11.085	11.463	11.805	12.177	12.525	12.896	13.285	13.663	13.947	14.354	14.673	15.108	15.480	15.863	16.217	16.554	16.884	17.273	17.645	18.063	18.417	18.783	19.166	19.474	19.857	20.228	20.565	20.954	21.256	21.604	22.057	22.428	22.817	23.195	23.537	23.914	24.257	24.634	25.058	25.395	25.743	26.085	26.498	26.805	27.223	27.606	27.984	28.315	28.634	29.034	29.383	29.766
2.756	3.435	4.155	4.863	5.571	6.291	7.034	7.783	8.543	9.234	9.983	10.703	11.434	12.154	12.922	13.646	14.395	15.126	15.846	16.566	17.286	18.046	18.766	19.532	20.252	20.966	21.674	22.452	23.125	23.892	24.652	25.331	26.063	26.864	27.572	28.315	29.006	29.714
2.709	3.377	4.120	4.851	5.560	6.297	7.040	7.789	8.538	9.228	9.989	10.697	11.457	12.171	12.897	13.652	14.389	15.120	15.817	16.548	17.257	18.040	18.702	19.451	20.211	20.937	21.697	22.458	23.131	23.869	24.617	25.401	26.069	26.812	27.537	28.240	28.977	29.732
1.299	2.762	4.201	5.612	7.109	8.642	10.029	11.521	12.949	14.389	15.811	17.338	18.806	20.217	21.738	23.218	24.670	26.057	27.601	29.029
0.207	1.339	2.698	3.957	5.258	6.790	8.241	9.820	11.318	12.839	14.232	17.152	18.627	20.101	21.651	23.067	26.028	27.479
