1.322	1.972	2.622	3.272	3.923	4.573	5.223	5.873	6.477	7.173	7.824	8.427	9.077	9.728	10.331	10.981	11.678	12.282	12.932	13.582	14.232	14.882	15.532	16.183	16.833	17.483	18.133	18.783	19.387	20.130	20.780	21.430	22.034	22.684	23.288	23.938	24.588	25.238	25.889	26.492	27.142	28.025	28.861	29.418
2.065	2.965	4.079	4.962	5.983	6.895	7.887	8.816	9.745	10.720	11.678	12.700	13.628	14.604	15.625	16.572	17.547	18.551	19.497	20.502	21.430	22.423	23.381	24.327	25.256	26.214	27.160	28.135	29.110
2.013	2.947	3.969	4.898	5.919	6.848	7.824	8.799	9.728	10.749	11.678	12.653	13.623	14.604	15.579	16.554	17.529	18.505	19.433	20.409	21.430	22.359	23.334	24.310	25.325	26.214	27.142	28.118	29.046
1.322	1.972	2.576	3.272	3.923	4.573	5.223	5.873	6.477	7.173	7.777	8.474	9.124	9.728	10.378	11.028	11.678	12.375	12.978	13.675	14.279	14.929	15.579	16.229	16.833	17.483	18.133	18.830	19.480	20.130	20.734	21.430	22.081	22.684	23.334	23.985	24.635	25.285	25.935	26.585	27.142	27.793	28.489	29.093	29.697
2.019	2.297	2.669	2.994	3.319	3.644	3.969	4.294	4.619	4.944	5.269	5.577	5.919	6.245	6.552	6.877	7.202	7.527	7.853	8.149	8.456	8.781	9.106	9.431	9.774	10.099	10.424	10.703	11.028	11.353	11.678	12.003	12.328	12.653	12.978	13.286	13.628	13.936	14.261	14.586	14.882	15.190	15.532	15.858	16.183	16.508	16.833	17.187	17.483	17.808	18.133	18.458	18.783	19.137	19.480	19.759	20.084	20.438	20.734	21.059	21.384	21.709	22.034	22.359	22.667	23.009	23.334	23.659	23.985	24.310	24.635	24.942	25.238	25.610	25.889	26.214	26.521	26.846	27.171	27.468	27.793	28.100	28.443	28.768	29.076	29.372	29.697
3.975	4.857	5.740	6.668	7.551	8.433	9.362	10.337	11.405	12.334	13.356	14.517	15.538	16.554	17.535	18.511	19.486	20.415	21.337	22.319	23.294	24.316	25.291	26.173	27.148	28.077	28.959
0.347	0.776	1.101	1.380	1.693	2.019	2.355	2.669	3.005	3.284	3.644	3.981	4.306	4.619	4.909	5.234	5.560	5.885	6.198	6.523	6.860	7.185	7.464	7.789	8.114	8.439	8.764	9.089	9.414	9.739	10.064	10.389	10.714	11.039	11.364	11.724	12.015	12.340	12.653	12.978	13.303	13.628	13.919	14.244	14.604	14.894	15.254	15.591	15.916	16.194	16.519	16.845	17.169	17.529	17.866	18.180	18.470	18.795	19.120	19.445	19.759	20.095	20.420	20.792	21.105	21.396	21.721	22.081	22.371	22.696	23.021	23.346	23.671	23.996	24.310	24.646	24.925	25.285	25.575	25.900	26.225	26.550	26.829	27.154	27.514	27.804	28.083	28.443	28.733	29.058	29.383	29.743
1.954	2.929	3.963	4.949	5.913	6.865	7.817	8.769	9.744	10.708	11.683	12.612	13.611	14.551	15.549	16.536	17.511	18.440	19.427	20.414	21.412	22.353	23.340	24.303	25.267	26.231	27.159	28.135	29.052
2.662	3.301	3.928	4.601	5.240	5.913	6.587	7.237	7.817	8.432	9.083	9.756	10.395	11.033	11.695	12.333	12.960	13.634	14.226	14.876	15.549	16.176	16.896	17.523	18.208	18.835	19.462	20.066	20.739	21.401	22.074	22.724	23.386	24.002	24.663	25.302	25.917	26.556	27.229	27.833	28.448	29.214	29.725
1.072	2.001	2.987	4.009	4.961	5.936	6.923	7.852	8.804	9.791	10.766	11.695	12.682	13.657	14.632	15.596	16.536	17.535	18.556	19.474	20.484	21.459	22.411	23.363	24.315	25.313	26.207	27.241	28.146	29.063
4.050	4.956	5.908	6.930	7.882	8.799	9.739	10.726	11.701	12.688	13.663	14.592	15.567	16.566	17.553	18.505	19.503	20.444	21.407	22.406	23.311	24.333	25.285	26.225	27.189	28.187	29.081
2.930	3.255	3.568	3.957	4.271	4.584	4.909	5.240	5.571	5.879	6.192	6.523	6.848	7.162	7.504	7.835	8.149	8.456	8.770	9.083	9.397	9.739	10.070	10.349	10.691	11.005	11.347	11.678	12.003	12.305	12.647	12.961	13.286	13.617	13.930	14.255	14.586	14.894	15.225	15.550	15.863	16.194	16.519	16.850	17.175	17.489	17.820	18.133	18.458	18.789	19.097	19.445	19.770	20.101	20.444	20.722	21.070	21.413	21.726	22.052	22.382	22.661	23.021	23.352	23.648	23.990	24.321	24.617	24.989	25.320	25.598	25.929	26.191	26.492	26.817	27.160	27.473	28.129	28.414	28.739	29.070	29.383	29.726
2.036	2.988	4.056	5.008	5.954	6.889	7.818	8.816	9.780	10.709	11.695	12.665	13.617	14.586	15.556	16.508	17.477	18.499	19.445	20.449	21.390	22.336	23.288	24.310	25.279	26.225	27.189	28.118	29.087
2.135	2.953	3.952	4.904	5.873	6.854	7.754	8.764	9.722	10.656	11.573	12.595	13.541	14.522	15.474	16.502	17.413	18.394	19.364	20.357	21.355	22.272	23.253	24.234	25.175	26.156	27.113	28.002	28.861	29.981
0.247	1.025	2.053	3.034	4.003	4.996	5.994	6.894	7.846	8.816	9.826	10.737	11.724	12.624	13.657	14.603	15.584	16.554	17.523	18.492	19.503	20.426	21.424	22.393	23.357	24.332	25.313	26.213	27.124	28.152	29.464
2.007	2.338	2.616	2.988	3.325	3.638	3.998	4.306	4.596	4.944	5.234	5.525	5.896	6.233	6.535	6.848	7.173	7.504	7.824	8.154	8.468	8.764	9.124	9.408	9.745	10.076	10.366	10.697	11.016	11.347	11.655	11.997	12.328	12.653	12.955	13.257	13.605	13.965	14.238	14.563	14.894	15.207	15.515	15.863	16.177	16.525	16.833	17.158	17.483	17.808	18.104	18.447	18.766	19.085	19.416	19.747	20.043	20.415	20.745	21.024	21.384	21.726	22.034	22.348	22.667	22.986	23.294	23.607	23.938	24.263	24.606	24.913	25.267	25.558	25.865	26.167	26.498	26.794	27.137	27.439	27.723	28.048	28.396	28.675	29.035	29.366	29.708
0.474	1.408	2.024	2.976	3.997	4.944	5.896	6.888	7.835	8.798	9.773	10.725	11.677	12.659	13.686	14.603	15.544	16.536	17.506	18.475	19.474	20.426	21.395	22.376	23.398	24.344	25.348	26.207	27.223	28.123	29.098
0.660	1.508	2.158	2.942	4.010	4.927	5.908	6.837	7.818	8.770	9.739	10.709	11.632	12.688	13.599	14.592	15.521	16.537	17.489	18.499	19.428	20.461	21.419	22.319	23.352	24.298	25.221	26.203	27.160	28.129	29.087
2.019	2.309	2.587	2.947	3.290	3.586	3.917	4.230	4.579	4.915	5.217	5.525	5.867	6.175	6.477	6.837	7.156	7.469	7.800	8.108	8.427	8.770	9.066	9.350	9.687	9.989	10.308	10.656	10.958	11.277	11.620	11.945	12.287	12.636	12.938	13.245	13.576	13.907	14.209	14.540	14.848	15.178	15.509	15.840	16.159	16.496	16.815	17.106	17.448	17.756	18.069	18.429	18.725	19.068	19.387	19.735	20.066	20.397	20.705	21.018	21.326	21.657	21.999	22.330	22.655	22.980	23.300	23.596	23.927	24.269	24.577	24.890	25.209	25.546	25.861	26.185	26.498	26.777	27.108	27.398	27.729	28.077	28.408	28.745	29.046	29.377
1.031	1.972	2.976	3.974	4.874	5.965	6.854	7.794	8.676	9.675	10.662	11.614	12.653	13.616	14.586	15.654	16.542	17.506	18.492	19.456	20.426	21.372	22.393	23.322	24.216	25.273	26.202	27.206	28.111	29.116
1.351	2.239	3.081	4.010	4.927	5.931	6.930	7.882	8.770	9.797	10.767	11.759	12.717	13.652	14.679	15.602	16.572	17.518	18.470	19.468	20.467	21.430	22.388	23.387	24.321	25.291	26.260	27.270	28.187	29.122
0.143	1.025	1.983	2.987	3.997	4.973	5.936	6.888	7.817	8.804	9.733	10.737	11.683	12.664	13.616	14.603	15.584	16.536	17.488	18.504	19.474	20.443	21.383	22.364	23.328	24.286	25.308	26.225	27.154	28.164	29.063
0.161	0.672	1.421	2.065	2.930	3.841	4.904	5.902	6.854	7.812	8.845	9.774	10.703	11.690	12.630	13.599	14.534	15.550	16.514	17.495	18.412	19.393	20.420	21.355	22.301	23.282	24.281	25.105	26.115	27.131	28.071	29.000
4.004	4.857	5.705	6.755	7.789	8.706	9.577	11.678	12.555	13.576	14.569	15.428	16.496	17.454	18.429	19.404	20.426	21.256	22.266	23.259	24.246	25.064	26.127	27.067	28.054	29.029	29.946
2.065	2.930	3.940	4.991	5.943	6.854	7.812	8.781	9.774	10.732	11.684	12.694	13.611	14.592	15.573	16.490	17.535	18.505	19.462	20.432	21.430	22.382	23.323	24.252	25.291	26.191	27.183	28.141	29.035
2.181	3.023	4.004	4.950	5.931	6.935	7.783	8.781	9.803	10.772	11.695	12.694	13.640	14.621	15.614	16.560	17.570	18.545	19.393	20.444	21.401	22.406	23.392	24.350	25.331	26.272	27.224	28.170	29.076
3.975	4.927	5.908	6.930	7.876	8.897	9.774	10.685	11.666	12.688	13.634	14.615	15.567	16.485	17.529	18.464	19.416	20.478	21.459	22.365	23.346	24.339	25.285	26.156	27.177	28.089	29.064
1.339	2.059	2.750	3.539	4.277	5.020	5.757	6.512	7.307	8.027	8.822	9.490	10.337	11.179	11.997	12.769	13.530	14.418	15.231	16.061	16.931	17.721	18.499	19.277	20.130	20.972	21.767	22.539	23.340	24.048	24.902	25.697	26.510	27.311	28.129	28.878	29.720
1.025	2.006	2.999	3.986	4.938	5.919	6.865	7.846	8.827	9.785	10.766	11.677	12.676	13.669	14.615	15.607	16.588	17.500	18.487	19.468	20.455	21.407	22.359	23.340	24.356	25.319	26.260	27.276	28.117	29.098
0.788	1.409	2.030	2.669	3.330	3.992	4.608	5.240	5.890	6.570	7.208	7.527	7.858	8.201	8.497	8.828	9.141	9.461	9.809	10.111	10.430	10.761	11.092	11.399	11.730	12.079	12.380	12.711	13.031	13.361	13.686	14.041	14.308	14.627	14.929	15.277	15.608	15.927	16.241	16.589	16.897	17.210	17.570	17.901	18.191	18.511	18.870	19.178	19.497	19.851	20.148	20.478	20.798	21.117	21.471	21.808	22.098	22.417	22.707	23.050	23.381	23.688	23.979	24.321	24.670	25.012	25.331	25.662	25.929	26.260	26.527	26.887	27.247	27.572	27.839	28.170	28.489	28.797	29.099	29.470
1.386	1.624	2.274	2.912	3.603	3.963	4.892	5.861	6.837	7.812	8.143	8.416	8.723	9.014	9.333	9.675	10.697	11.695	12.613	13.541	13.907	14.244	14.592	14.923	15.225	15.562	15.863	16.154	16.502	16.833	17.152	17.442	17.796	18.122	18.452	18.754	19.062	19.404	19.753	20.055	20.374	20.716	21.012	21.343	21.674	21.982	22.324	22.673	22.974	23.305	23.642	23.967	24.287	24.611	24.902	25.244	25.552	25.865	26.162	26.492	26.806	27.125	27.456	27.735	28.054	28.414	28.716	29.035	29.354	29.685	29.993
1.339	2.309	3.278	4.277	4.950	5.867	6.848	8.746	9.728	10.720	11.666	12.618	13.588	14.586	15.550	16.537	17.535	18.505	19.480	20.438	21.390	22.359	23.317	24.298	25.285	26.208	27.177	28.129	29.046
1.025	1.989	2.970	3.997	4.915	5.896	6.888	7.846	8.839	9.837	10.725	11.776	12.676	13.645	14.650	15.636	16.565	17.558	18.487	19.468	20.455	21.418	22.446	23.380	24.356	25.325	26.277	27.247	28.146	29.185
2.982	3.963	4.956	5.931	6.912	7.882	8.805	9.788	10.732	11.684	12.705	13.634	14.592	15.602	16.554	17.541	18.522	19.486	20.461	21.442	22.406	23.381	24.356	25.302	26.266	27.241	28.153	29.134
1.037	2.018	2.987	3.945	4.926	5.948	6.894	7.846	8.734	9.768	10.627	11.695	12.624	13.535	14.568	15.486	16.548	17.488	18.394	19.427	20.449	21.395	22.364	23.334	24.315	25.226	26.207	27.154	28.129	29.087
0.585	1.032	1.386	1.682	1.995	2.332	2.605	2.976	3.325	3.615	3.963	4.306	4.642	4.973	5.246	5.536	5.885	6.221	6.575	6.866	7.185	7.475	7.824	8.143	8.445	8.781	9.106	9.431	9.745	10.082	10.436	10.726	11.034	11.364	11.713	12.026	12.363	12.665	12.973	13.315	13.611	13.942	14.284	14.586	14.882	15.225	15.573	15.916	16.223	16.554	16.862	17.216	17.524	17.831	18.159	18.464	18.801	19.103	19.445	19.753	20.055	20.362	20.693	21.036	21.384	21.692	22.034	22.365	22.713	23.021	23.363	23.665	23.973	24.275	24.611	24.966	25.302	25.604	25.912	26.214	26.556	26.893	27.195	27.502	27.804	28.112	28.466	28.785	29.105	29.441	29.784
0.782	2.216	3.011	3.992	4.956	5.950	6.883	7.841	8.793	9.786	10.703	11.713	12.671	13.623	14.621	15.625	16.566	17.512	18.493	19.491	20.432	21.430	22.406	24.316	25.343	26.251	27.201	28.123	29.134
1.002	1.327	1.623	2.006	2.297	2.627	2.953	3.283	3.626	3.957	4.282	4.613	4.903	5.257	5.576	5.907	6.232	6.534	6.865	7.155	7.504	7.835	8.142	8.444	8.792	9.094	9.443	9.762	10.093	10.395	10.702	11.033	11.335	11.677	12.037	12.304	12.664	12.955	13.332	13.663	13.982	14.284	14.626	14.946	15.236	15.567	15.892	16.223	16.565	16.896	17.146	17.517	17.837	18.156	18.504	18.818	19.143	19.474	19.787	20.112	20.455	20.785	21.087	21.407	21.784	22.115	22.405	22.666	23.032	23.334	23.665	23.955	24.286	24.623	24.953	25.284	25.615	25.952	26.254	26.567	26.892	27.223	27.514	27.815	28.146	28.442	28.814	29.116	29.447	29.737
2.077	3.052	4.091	4.979	5.978	6.912	7.841	8.839	9.832	10.749	11.742	12.752	13.669	14.697	15.637	16.612	17.547	18.522	19.468	20.467	21.471	22.417	23.421	24.350	25.308	26.248	27.189	28.100	29.151
0.260	0.759	1.351	2.048	2.657	3.209	4.898	5.879	6.819	7.818	8.729	9.699	10.680	11.672	12.601	13.541	14.517	16.508	17.460	18.458	19.457	20.420	21.448	22.371	23.317	24.321	25.227	26.202	27.171	28.042	29.041
