2.698	3.731	4.660	5.647	6.697	7.690	8.648	9.571	10.598	11.591	12.618	13.588	14.621	15.562	16.572	17.582	18.557	19.532	20.449	21.477	22.510	23.480	24.461	25.378	26.388	27.421	28.437	29.418
0.752	1.693	2.604	3.556	4.415	5.466	6.546	7.684	8.653	9.617	10.662	11.637	12.664	13.582	14.464	15.497	16.472	17.442	18.446	19.444	20.402	21.412	22.434	23.433	24.443	25.354	26.335	27.363	28.355	29.365
0.834	1.774	2.691	3.684	4.665	5.605	6.616	7.614	8.612	9.541	10.493	11.521	12.600	13.576	14.505	15.520	16.496	17.494	18.463	19.491	20.472	21.441	22.411	23.462	24.431	25.395	26.306	27.334	28.396	29.325
1.943	3.673	4.666	5.641	6.692	7.446	8.625	9.513	10.552	11.515	12.613	13.553	14.453	15.422	16.485	17.512	18.516	19.532	20.554	21.471	22.481	23.474	24.426	25.331	26.301	27.311	28.942
5.757	7.214	8.323	9.768	11.504	12.903	14.203	15.823	17.425	18.963	20.438	21.715	23.346	24.786	26.074	27.288	28.425	29.517
0.445	1.746	2.715	3.632	4.962	5.577	6.663	7.696	8.654	9.582	10.633	11.655	12.613	13.553	14.517	15.527	16.525	17.495	18.464	19.491	20.467	21.436	22.475	23.514	24.495	25.476	26.353	27.363	28.385	29.383
2.773	3.656	4.666	5.554	6.668	7.835	8.746	9.606	10.517	11.544	12.525	13.414	14.604	15.486	16.386	17.437	18.435	19.433	20.357	21.384	22.388	23.439	24.356	25.273	26.295	27.328	28.408	29.279
0.143	0.944	1.536	2.604	3.614	4.607	5.617	6.604	7.637	8.612	9.553	10.476	11.556	12.577	13.587	14.528	15.445	16.496	17.436	18.475	19.537	20.495	21.436	22.446	23.415	24.408	25.337	26.306	27.403	28.326	29.226
2.674	3.754	4.613	5.066	7.673	9.786	10.755	11.684	12.595	13.623	14.644	15.573	16.502	17.564	18.592	19.515	20.595	21.512	22.545	23.532	24.426	25.436	26.423	27.392	28.344	29.424
2.704	3.162	3.627	3.986	4.346	4.741	5.124	5.496	5.902	6.593	7.632	8.462	9.344	10.296	11.452	12.485	13.263	14.453	15.492	16.485	17.431	18.371	19.352	20.415	21.413	22.406	23.462	24.455	25.453	26.353	27.305	28.373	29.244
0.265	1.112	1.995	2.883	3.568	4.056	5.083	6.064	7.138	8.038	9.083	10.023	10.975	12.003	13.082	14.005	14.946	15.944	16.977	17.924	18.974	19.973	20.925	21.947	22.916	23.914	24.948	25.853	26.886	27.815	28.785	29.754
6.715	7.725	8.613	9.681	10.703	11.713	12.630	13.634	14.522	15.532	16.490	17.541	18.592	19.521	20.595	21.575	22.533	23.532	24.461	25.471	26.475	27.473	28.425	29.482
1.618	2.616	3.644	4.666	5.618	6.633	7.638	8.613	9.536	10.616	11.533	12.537	13.588	14.493	15.498	16.525	17.506	18.476	19.503	20.478	21.448	22.423	23.427	24.397	25.395	26.283	27.386	28.315	29.366
1.096	2.872	3.853	5.026	5.716	6.703	7.661	8.625	9.681	10.691	11.655	12.746	13.803	14.633	15.625	16.554	17.733	18.685	19.666	20.792	21.593	22.574	23.485	24.571	25.494	26.463	27.444	28.483	29.406
4.172	5.281	6.216	7.191	8.114	9.095	10.134	11.121	12.154	13.176	14.093	15.074	16.003	17.024	17.994	19.044	20.002	20.966	21.965	22.945	23.921	24.925	25.871	26.904	27.903	28.884	29.871
1.194	2.692	3.656	5.026	5.902	6.842	7.725	8.352	9.252	10.118	10.877	11.632	12.433	13.193	13.965	14.627	15.527	16.386	17.274	18.191	19.056	19.956	20.856	21.726	22.452	23.421	24.194	25.117	26.092	27.206	28.396	29.314
2.134	3.185	4.264	5.170	6.081	7.184	8.102	9.094	10.075	11.074	12.113	13.123	14.040	14.963	15.973	16.995	17.982	19.003	20.025	20.942	21.993	22.986	23.955	24.895	25.865	26.875	27.873	28.843	29.824
2.721	3.644	4.602	5.554	6.616	7.562	8.503	9.501	10.412	11.364	12.415	13.385	14.395	15.382	16.305	17.251	18.174	19.224	20.166	21.134	22.133	23.253	24.287	25.256	26.254	27.224	28.164	29.116
0.764	1.577	2.645	3.678	4.688	5.629	6.656	7.678	8.578	9.535	10.545	11.567	12.548	13.616	14.516	15.468	16.409	17.395	18.539	19.549	20.455	21.436	22.347	23.566	24.466	25.348	26.289	27.374	28.326	29.348
1.548	2.100	2.605	3.638	4.608	5.606	6.599	7.667	8.607	9.559	10.529	11.057	11.579	12.595	13.605	14.528	15.556	16.496	17.518	18.487	19.550	20.438	21.407	22.417	23.410	24.379	25.325	26.307	27.380	28.327	29.279
1.183	2.181	2.734	3.673	4.892	5.542	6.581	7.574	8.503	9.501	10.546	11.573	12.595	13.576	14.511	15.544	16.485	17.512	18.476	19.515	20.502	21.425	22.481	23.445	24.391	25.372	26.312	27.375	28.402	29.424
0.585	2.541	4.526	5.513	6.692	7.655	9.025	10.082	11.074	12.154	13.106	14.122	15.085	16.014	16.995	18.104	19.056	20.014	20.995	21.982	22.905	23.932	24.913	25.836	26.916	27.915	28.936	29.981
0.793	1.542	2.523	3.568	5.437	6.610	7.614	8.572	9.605	10.493	11.538	12.531	13.599	14.470	15.462	16.414	17.494	18.516	19.456	20.431	21.412	22.463	23.473	24.448	25.459	26.306	27.310	28.361	29.330
1.902	2.704	3.714	4.671	5.676	6.674	7.713	8.625	9.623	10.604	11.632	12.595	13.652	14.644	15.596	16.607	17.576	18.534	19.544	20.566	21.593	22.533	23.532	24.455	25.175	26.394	27.462	28.425	29.372
1.676	2.756	3.679	4.648	5.676	6.709	7.754	8.654	9.646	10.656	11.684	12.624	13.594	14.534	15.538	16.537	17.506	18.534	19.515	20.467	21.436	22.487	23.439	24.408	25.436	26.376	27.398	27.874	28.408	28.896	29.377
1.200	3.162	5.229	7.719	9.832	11.759	14.041	16.119	18.040	19.811	21.401	23.358	24.989	26.992	28.501	29.941
4.904	10.923	14.714	18.824	22.684	27.531
0.265	1.565	2.686	3.585	4.462	5.623	6.691	7.631	8.525	9.582	10.633	11.602	12.566	13.523	14.452	15.422	16.211	17.471	18.545	19.526	20.431	21.441	22.515	23.485	24.315	25.244	26.312	27.415	28.361	29.342
0.637	1.926	2.907	4.044	5.356	6.535	7.719	8.636	9.797	10.999	12.154	13.657	14.969	16.177	17.297	18.679	19.828	21.204	22.684	24.019	25.517	26.846	27.938	29.076
0.433	1.583	2.633	3.690	4.601	5.582	6.110	6.650	7.684	8.630	9.582	10.551	11.573	12.653	13.570	14.551	15.073	15.520	16.490	17.465	18.463	18.974	19.491	20.495	21.401	21.935	22.411	22.945	23.514	24.495	25.441	26.381	27.351	27.862	28.384	28.901	29.365
2.697	3.667	4.619	5.617	6.650	7.695	8.670	9.588	10.569	11.556	12.635	13.645	14.568	15.526	16.507	17.506	18.498	19.677	20.478	21.476	22.428	23.450	24.460	25.418	26.358	27.397	28.419	29.389
0.816	1.234	1.699	2.128	2.616	3.138	3.626	4.154	4.688	5.164	5.634	6.685	7.209	7.695	8.177	8.688	9.158	9.628	10.098	10.586	11.109	11.596	12.107	12.647	13.117	13.628	14.069	14.516	15.056	15.578	16.049	16.565	17.088	17.558	18.057	18.545	19.056	19.549	20.025	20.495	20.977	21.447	21.976	22.498	22.968	23.479	23.943	24.437	24.907	25.406	25.877	26.358	26.904	27.368	27.937	28.384	28.878
4.282	4.723	5.187	5.646	6.163	6.633	7.184	7.666	8.177	8.676	9.123	9.576	10.104	10.615	11.114	11.596	12.177	12.693	13.163	13.622	14.063	14.557	15.056	15.567	16.054	16.542	17.053	17.546	18.022	18.527	19.056	19.526	19.996	20.484	20.983	21.482	22.005	22.492	22.974	23.485	23.967	24.466	24.907	25.395	25.882	26.352	26.904	27.403	27.926	28.425	28.907	29.383
0.544	1.443	2.616	3.603	4.456	5.164	6.203	7.184	8.142	9.176	10.087	11.056	12.095	13.076	14.046	14.986	15.944	16.943	17.964	18.974	20.013	20.983	21.935	22.893	23.967	24.884	25.824	26.904	27.868	28.825	29.806
2.802	3.644	4.143	5.600	6.210	6.732	7.220	7.702	8.195	8.700	9.182	9.652	10.122	10.621	11.121	11.661	12.142	12.671	13.164	13.634	14.104	14.563	15.045	15.300	15.422	15.823	16.310	16.792	17.303	17.814	18.325	18.824	19.335	19.811	20.345	20.792	21.291	21.773	22.261	22.731	23.183	23.665	24.240	24.733	25.204	25.732	26.191	26.672	27.171	27.682	28.170	28.663	29.180	29.645
3.783	4.747	5.652	6.657	7.707	8.572	9.513	10.476	11.597	12.624	13.634	14.563	15.567	16.496	17.547	18.545	19.573	20.507	21.494	22.493	23.514	24.524	25.476	26.382	27.392	28.425	29.412
1.751	2.640	3.650	4.561	5.542	6.623	7.638	8.607	9.559	10.500	11.568	12.589	13.541	14.511	15.509	16.502	17.448	18.540	19.509	20.397	21.512	22.510	23.718	24.449	25.337	26.248	27.357	28.420	29.308
0.776	1.833	2.773	3.754	4.741	5.722	6.726	7.783	8.694	9.675	10.813	11.643	12.781	13.692	14.592	15.556	16.694	17.634	18.534	19.598	20.554	21.564	22.551	23.503	24.443	25.476	26.382	27.444	28.425	29.366
2.640	3.597	4.230	5.217	6.169	7.278	8.172	9.147	10.157	11.109	12.171	13.129	14.122	15.080	16.078	17.019	18.000	19.021	20.060	21.001	21.999	22.957	23.961	24.919	25.900	26.928	27.961	28.901	29.917
0.514	1.716	2.616	3.609	4.636	5.646	6.627	7.643	8.618	9.588	10.627	11.585	12.664	13.605	14.568	15.555	16.525	17.517	18.527	19.527	20.524	21.465	22.463	23.526	24.477	25.459	26.428	27.426	28.407	29.377
