1.885	2.349	2.854	3.319	3.789	4.253	4.764	5.275	5.740	6.204	6.668	7.133	7.644	8.108	8.572	9.037	9.542	9.965	10.430	10.894	11.359	11.823	12.287	12.752	13.210	13.634	14.145	14.609	15.074	15.538	16.003	16.514	16.931	17.396	17.860	18.319	18.789	19.207	19.718	20.136	20.600	21.111	21.529	21.994	22.458	22.922	23.433	23.851	24.316	24.780	25.244	25.755	26.220	26.684	27.148	27.613	28.118	28.588	29.052	29.517
1.943	2.901	3.876	4.822	5.780	6.726	7.655	8.613	9.513	10.488	11.370	12.299	13.257	14.139	15.115	16.043	16.990	17.901	18.847	19.712	20.658	21.570	22.452	23.398	24.356	25.285	26.260	27.189	28.118	29.046
2.918	3.847	4.822	5.751	6.726	7.655	8.584	9.513	10.488	11.399	12.328	13.228	14.186	15.161	16.014	16.926	17.872	18.801	19.683	20.612	21.541	22.452	23.398	24.310	25.302	26.260	27.160	28.118	29.093	29.993
1.931	2.860	3.325	3.835	4.346	4.811	5.275	5.740	6.245	6.715	7.179	7.684	8.108	8.572	9.037	9.501	10.012	10.476	10.941	11.405	11.823	12.334	12.793	13.263	13.681	14.192	14.656	15.120	15.538	16.043	16.514	16.978	17.442	17.901	18.371	18.836	19.294	19.718	20.182	20.600	21.152	21.575	22.040	22.504	22.963	23.433	23.898	24.356	24.826	25.291	25.755	26.260	26.730	27.195	27.659	28.123	28.588	29.052	29.557
1.926	2.390	2.854	3.365	3.830	4.294	4.805	5.269	5.763	6.198	6.692	7.127	7.638	8.102	8.567	9.031	9.495	9.960	10.424	10.888	11.353	11.864	12.282	12.746	13.210	13.657	14.139	14.650	15.068	15.486	15.950	16.415	16.926	17.390	17.854	18.319	18.783	19.230	19.666	20.159	20.641	21.088	21.552	22.017	22.481	22.916	23.334	23.845	24.263	24.728	25.238	25.703	26.167	26.678	27.142	27.607	28.071	28.565	29.000	29.511
3.412	4.271	5.316	6.198	7.150	8.102	9.077	10.006	10.981	11.817	12.769	13.628	14.604	15.532	16.461	17.367	18.290	19.248	20.177	21.128	22.034	22.916	23.869	24.791	25.680	26.556	27.607	28.553	29.488
0.451	1.183	1.891	2.355	2.866	3.330	3.841	4.306	4.817	5.281	5.745	6.245	6.721	7.173	7.649	8.114	8.567	9.043	9.507	10.006	10.471	10.947	11.399	11.829	12.293	12.804	13.269	13.686	14.151	14.650	15.115	15.544	16.008	16.473	16.937	17.402	17.854	18.365	18.795	19.259	19.724	20.188	20.652	21.117	21.570	21.999	22.464	22.974	23.427	23.857	24.321	24.820	25.296	25.761	26.225	26.690	27.189	27.665	28.129	28.594	29.105	29.569
2.878	3.806	4.747	5.734	6.674	7.603	8.567	9.472	10.424	11.330	12.270	13.187	14.093	15.033	15.939	16.891	17.843	18.760	19.666	20.595	21.512	22.441	23.311	24.275	25.215	26.167	27.119	28.106	29.035	29.964
2.657	3.121	3.783	4.259	4.770	5.234	5.641	6.152	6.639	7.127	7.580	8.056	8.497	8.973	9.437	9.902	10.343	10.842	11.306	11.794	12.212	12.688	13.176	13.605	14.081	14.557	15.033	15.486	15.939	16.357	16.833	17.286	17.762	18.238	18.690	19.201	19.619	20.107	20.560	21.047	21.488	21.965	22.417	22.916	23.346	23.857	24.275	24.716	25.204	25.668	26.109	26.643	27.073	27.642	28.129	28.594	29.035	29.511
1.995	2.901	3.818	4.770	5.722	6.628	7.649	8.532	9.472	10.401	11.330	12.270	13.210	14.163	15.022	15.962	16.891	17.831	18.772	19.666	20.595	21.523	22.429	23.381	24.321	25.227	26.179	27.166	28.095	29.070	29.941
3.818	4.329	4.851	5.316	5.757	6.210	6.709	7.197	7.684	8.114	8.613	9.054	9.553	10.018	10.517	10.970	11.411	11.852	12.305	12.793	13.245	13.675	14.151	14.627	15.068	15.521	16.020	16.461	16.961	17.460	17.878	18.319	18.783	19.224	19.677	20.130	20.629	21.082	21.570	22.057	22.441	22.893	23.416	23.927	24.368	24.786	25.273	25.738	26.237	26.713	27.224	27.642	28.153	28.582	29.058	29.489
0.788	1.368	1.891	2.402	2.878	3.365	3.830	4.317	4.805	5.293	5.745	6.210	6.674	7.150	7.649	8.114	8.567	9.019	9.472	9.971	10.447	10.912	11.364	11.829	12.282	12.734	13.210	13.698	14.163	14.604	15.103	15.556	15.985	16.438	16.914	17.378	17.831	18.331	18.783	19.259	19.689	20.165	20.618	21.082	21.535	22.011	22.464	22.916	23.369	23.834	24.287	24.774	25.227	25.726	26.179	26.713	27.166	27.630	28.095	28.570	29.070	29.557
1.873	2.384	2.883	3.377	3.824	4.317	4.793	5.258	5.763	6.233	6.715	7.168	7.644	8.114	8.578	9.037	9.495	9.977	10.366	10.883	11.353	11.835	12.317	12.758	13.187	13.657	14.163	14.598	15.033	15.515	16.003	16.444	16.984	17.384	17.854	18.325	18.777	19.248	19.706	20.177	20.647	21.123	21.558	21.988	22.435	22.876	23.358	23.857	24.316	24.774	25.273	25.755	26.185	26.678	27.183	27.636	28.095	28.553	29.064	29.563	29.993
1.931	2.854	3.795	4.753	5.676	6.622	7.586	8.526	9.472	10.395	11.312	12.224	13.123	14.046	14.981	15.933	16.845	17.802	18.702	19.642	20.583	21.483	22.336	23.294	24.252	25.233	26.196	27.113	28.042	28.983
0.283	0.823	1.223	1.821	2.384	2.883	3.412	3.835	4.311	4.805	5.281	5.774	6.216	6.674	7.144	7.655	8.143	8.625	9.066	9.571	10.053	10.482	10.952	11.405	11.864	12.346	12.804	13.286	13.721	14.174	14.656	15.085	15.515	15.985	16.456	16.943	17.384	18.766	19.253	19.724	20.211	20.635	21.146	21.552	21.994	22.446	22.893	23.392	23.834	24.316	24.786	25.273	25.816	26.254	26.724	27.206	27.642	28.141	28.623	29.093	29.586
2.802	3.301	3.795	4.265	4.735	5.205	5.681	6.163	6.645	7.104	7.574	8.044	8.532	8.973	9.426	9.896	10.372	10.842	11.312	11.806	12.293	12.705	13.176	13.652	14.104	14.546	15.016	15.486	15.945	16.415	16.891	17.355	17.796	18.244	18.725	19.195	19.671	20.101	20.583	21.053	21.494	21.953	22.371	22.806	23.294	23.764	24.275	24.751	25.233	25.703	26.144	26.655	27.125	27.595	28.071	28.553	29.064	29.534
0.242	0.782	1.153	1.954	2.883	3.812	4.845	5.814	6.743	7.701	8.601	9.553	10.522	11.405	12.322	13.251	14.220	15.114	16.043	17.053	17.924	18.829	19.741	20.693	21.534	22.533	23.403	24.373	25.325	26.260	27.159	28.111	29.110
0.649	1.931	2.849	3.748	4.770	5.699	6.628	7.597	8.520	9.437	10.430	11.341	12.258	13.210	14.128	15.097	15.968	16.897	17.802	18.731	19.718	20.600	21.477	22.458	23.358	24.339	25.372	26.231	27.160	28.187	29.070	29.987
2.860	3.354	3.801	4.253	4.764	5.223	5.670	6.175	6.663	7.133	7.620	8.102	8.555	9.031	9.484	9.983	10.430	10.900	11.341	11.823	12.311	12.740	13.245	13.663	14.133	14.551	15.022	15.463	16.014	16.461	16.891	17.361	17.820	18.284	18.754	19.172	19.671	20.142	20.600	21.053	21.512	21.941	22.423	22.882	23.334	23.822	24.281	24.774	25.291	25.732	26.173	26.661	27.125	27.601	28.083	28.565	29.041	29.540
1.339	1.868	2.349	2.854	3.336	3.806	4.306	4.689	5.136	5.676	6.146	6.674	7.179	7.655	8.108	8.526	9.037	9.455	9.977	10.447	10.894	11.324	11.777	12.247	12.729	13.216	13.634	14.139	14.615	15.068	15.474	15.939	16.415	16.879	17.425	17.908	18.348	18.836	19.259	19.695	20.177	20.676	21.105	21.564	21.999	22.487	22.916	23.387	23.840	24.298	24.786	25.267	25.755	26.237	26.748	27.189	27.636	28.106	28.565	29.046
1.931	2.849	3.870	4.898	5.792	6.732	7.649	8.567	9.542	10.482	11.370	12.317	13.240	14.221	15.062	15.979	16.931	17.901	18.789	19.712	20.670	21.558	22.400	23.352	24.321	25.320	26.260	27.177	28.129	29.110
1.473	1.873	2.355	2.866	3.336	3.835	4.311	4.846	5.275	5.722	6.187	6.703	7.144	7.644	8.125	8.561	9.025	9.484	9.925	10.436	10.912	11.382	11.823	12.322	12.775	13.234	13.675	14.133	14.592	15.062	15.515	16.014	16.473	16.955	17.396	17.814	18.325	18.783	19.253	19.735	20.182	20.612	21.076	21.552	21.994	22.452	22.945	23.392	23.834	24.321	24.815	25.302	25.784	26.254	26.736	27.212	27.665	28.106	28.565	29.076	29.546
0.236	0.620	1.188	1.914	2.315	2.849	3.325	3.806	4.288	4.787	5.229	5.728	6.210	6.628	7.127	7.609	8.085	8.555	9.025	9.466	9.948	10.447	10.848	11.359	11.794	12.276	12.734	13.240	13.716	14.116	14.609	15.080	15.527	15.968	16.415	16.856	17.338	17.808	18.278	18.696	19.259	19.706	20.148	20.589	21.036	21.477	21.947	22.388	22.876	23.375	23.840	24.275	24.797	25.238	25.697	26.220	26.707	27.166	27.636	28.066	28.524	29.006	29.517
3.359	3.841	4.300	4.782	5.252	5.734	6.204	6.651	7.133	7.591	8.062	8.520	8.990	9.472	9.942	10.412	10.859	11.330	11.800	12.264	12.740	13.193	13.652	14.122	14.592	15.033	15.480	15.974	16.450	16.920	17.384	17.820	18.302	18.754	19.213	19.660	20.153	20.623	21.070	21.523	21.982	22.452	22.922	23.381	23.851	24.310	24.774	25.262	25.732	26.202	26.684	27.142	27.584	28.071	28.553	29.041	29.511	29.993
1.995	2.373	2.854	3.325	3.801	4.294	4.782	5.240	5.722	6.192	6.663	7.121	7.644	8.091	8.584	9.043	9.484	9.954	10.395	10.883	11.382	11.835	12.293	12.775	13.222	13.675	14.145	14.604	15.062	15.515	16.014	16.461	16.943	17.390	17.854	18.302	18.772	19.242	19.724	20.182	20.635	21.094	21.552	22.005	22.493	22.951	23.404	23.851	24.321	24.803	25.273	25.761	26.202	26.695	27.195	27.653	28.112	28.570	29.041	29.511	29.981
1.415	1.873	2.355	2.825	3.336	3.859	4.329	4.828	5.316	5.734	6.216	6.697	7.144	7.678	8.149	8.567	9.048	9.484	10.006	10.424	10.894	11.324	11.846	12.305	12.775	13.216	13.675	14.128	14.604	15.039	15.503	16.026	16.485	16.937	17.413	17.895	18.325	18.789	19.224	19.724	20.217	20.658	21.094	21.564	22.046	22.504	22.934	23.404	23.874	24.356	24.826	25.337	25.778	26.237	26.724	27.179	27.653	28.123	28.594	29.099	29.534
1.871	2.382	2.835	3.294	3.781	4.304	4.751	5.302	5.761	6.214	6.701	7.125	7.613	8.071	8.565	9.093	9.470	10.004	10.393	10.974	11.392	11.902	12.315	12.843	13.261	13.684	14.131	14.642	15.060	15.513	16.001	16.494	16.953	17.435	17.852	18.340	18.793	19.304	19.762	20.174	20.610	21.121	21.544	21.991	22.485	22.944	23.414	23.901	24.360	24.784	25.271	25.770	26.264	26.752	27.204	27.663	28.110	28.603	29.021	29.555
1.432	2.402	3.388	4.352	5.281	6.198	7.040	7.951	8.741	9.507	10.320	11.167	12.050	12.810	13.518	14.209	14.958	15.741	16.508	17.297	17.947	18.702	19.468	20.281	21.070	21.802	22.551	23.340	24.217	24.919	25.662	26.388	27.102	27.758	28.507	29.197
2.918	3.882	4.341	4.787	5.252	5.740	6.169	6.651	7.150	7.638	8.091	8.619	9.077	9.501	9.989	10.442	10.929	11.347	11.841	12.282	12.781	13.199	13.686	14.180	14.639	15.132	15.538	16.038	16.490	16.937	17.437	17.889	18.360	18.772	19.190	19.637	20.171	20.589	21.082	21.500	21.988	22.487	22.940	23.398	23.892	24.350	24.820	25.308	25.807	26.237	26.730	27.218	27.677	28.100	28.600	29.087	29.540
1.995	2.436	2.953	3.476	3.952	4.445	4.886	5.414	5.856	6.314	6.802	7.266	7.725	8.224	8.683	9.141	9.611	10.082	10.534	10.993	11.452	11.933	12.404	12.856	13.315	13.791	14.261	14.702	15.155	15.614	16.101	16.572	17.024	17.495	17.976	18.441	18.923	19.375	19.846	20.304	20.751	21.216	21.645	22.104	22.603	23.056	23.503	23.956	24.426	24.896	25.372	25.854	26.295	26.812	27.305	27.752	28.234	28.704	29.163	29.615
1.067	1.438	1.908	2.367	2.837	3.307	3.777	4.277	4.776	5.217	5.699	6.157	6.639	7.109	7.609	8.096	8.549	9.019	9.466	9.989	10.407	10.900	11.359	11.829	12.276	12.740	13.210	13.675	14.116	14.598	15.056	15.509	15.979	16.450	16.897	17.338	17.820	18.278	18.748	19.207	19.660	20.130	20.600	21.036	21.500	21.959	22.406	22.876	23.358	23.840	24.310	24.786	25.256	25.726	26.220	26.719	27.166	27.636	28.066	28.576	29.058	29.505
1.873	2.901	4.306	5.293	6.216	7.173	8.125	9.106	9.995	10.923	11.846	12.763	13.692	14.592	15.556	16.415	17.373	18.342	19.265	21.094	22.005	22.963	23.805	24.786	25.703	26.684	27.653	28.576	29.523
1.496	1.931	2.402	2.854	3.336	3.835	4.306	4.822	5.293	5.774	6.204	6.686	7.162	7.644	8.102	8.555	9.025	9.501	9.971	10.442	10.894	11.382	11.835	12.282	12.781	13.251	13.692	14.151	14.615	15.091	15.544	16.003	16.473	16.955	17.425	17.901	18.325	18.766	19.253	19.706	20.165	20.595	21.082	21.523	22.046	22.504	22.922	23.392	23.874	24.333	24.786	25.285	25.744	26.214	26.695	27.195	27.665	28.112	28.594	29.093	29.476
4.805	6.726	8.555	10.476	12.282	14.226	16.032	17.936	19.712	21.604	23.416	25.331	27.195	29.116
1.937	2.866	3.824	4.758	5.716	6.645	7.638	8.543	9.443	10.465	11.370	12.293	13.228	14.133	15.045	15.945	16.937	17.918	18.748	19.683	20.583	21.494	22.475	23.334	24.287	25.227	26.185	27.113	28.106	29.058
1.931	2.361	2.895	3.365	3.865	4.346	4.793	5.293	5.751	6.256	6.703	7.156	7.644	8.096	8.561	9.014	9.542	10.006	10.453	10.935	11.394	11.811	12.264	12.763	13.234	13.681	14.145	14.644	15.091	15.544	16.003	16.502	16.955	17.425	17.872	18.325	18.824	19.283	19.735	20.182	20.682	21.152	21.575	22.034	22.516	22.963	23.421	23.892	24.345	24.791	25.285	25.784	26.231	26.713	27.183	27.653	28.141	28.605	29.093	29.592
1.931	2.425	2.901	3.876	4.822	5.786	6.732	7.655	8.601	9.519	10.465	11.423	12.282	13.245	14.151	15.074	16.014	16.931	17.879	18.795	19.706	20.623	21.564	22.481	23.352	24.345	25.325	26.272	27.183	28.182	29.105
1.467	1.960	2.431	2.907	3.388	3.870	4.341	4.828	5.298	5.780	6.221	6.738	7.220	7.702	8.178	8.619	9.101	9.588	10.029	10.511	10.958	11.388	11.841	12.328	12.810	13.292	13.727	14.221	14.691	15.132	15.567	16.049	16.490	16.972	17.448	17.889	18.371	18.847	19.288	19.770	20.211	20.647	21.152	21.587	22.069	22.510	22.992	23.427	23.909	24.391	24.832	25.308	25.831	26.272	26.730	27.201	27.677	28.129	28.640	29.122	29.598
2.936	3.435	3.894	4.364	4.846	5.293	5.792	6.285	6.715	7.226	7.702	8.172	8.642	9.095	9.542	10.035	10.534	10.952	11.394	11.864	12.363	12.763	13.257	13.704	14.186	14.644	15.097	15.573	16.043	16.485	16.926	17.402	17.872	18.377	18.812	19.283	19.782	20.206	20.693	21.152	21.564	22.034	22.452	22.986	23.474	23.874	24.373	24.803	25.262	25.802	26.237	26.736	27.206	27.665	28.123	28.617	29.122	29.586
0.289	0.881	1.792	3.760	4.787	5.699	6.651	7.591	8.520	9.449	10.378	11.318	12.229	13.210	14.122	15.062	15.962	16.879	17.808	18.708	19.671	20.531	21.529	22.452	23.352	24.211	25.198	26.092	27.102	28.002	28.977	29.900
